37.4657,81.5874,93.8123
39.6833,81.5859,85.144
44.0135,81.5853,73.3715
33.3753,81.5895,72.89
55.59,81.5876,66.1744
45.2293,81.5857,71.9766
67.0798,81.5913,73.0485
57.1863,81.5856,84.8792
33.4636,81.5913,68.7682
56.6807,81.5857,77.8025
46.1475,81.5911,66.6286
56.7986,81.5887,76.4826
48.6962,81.5885,63.1097
47.7143,81.5857,76.9425
36.0428,81.5855,94.8424
64.7516,81.5891,74.731
43.3903,81.5866,68.5039
60.0975,81.5854,65.178
48.5064,81.5861,78.3434
42.1605,81.5918,74.562
65.0962,81.5865,68.7324
53.8205,81.5936,69.4587
44.8343,81.5922,90.4819
44.0594,81.5941,93.2097
53.2946,81.5858,94.0422
33.8638,81.594,91.2673
43.7386,81.5918,86.5577
47.6464,81.5871,84.01
45.5476,81.5938,76.1217
39.6482,81.5886,79.828
44.8463,81.5905,91.7702
53.8079,81.5864,91.9779
53.5944,81.5856,74.1194
36.2765,81.5857,81.1867
40.7471,81.5871,82.7408
35.0316,81.5862,71.7276
52.7748,81.5887,92.5128
43.4237,81.5932,69.9614
51.909,81.5854,81.8353
44.1004,81.593,85.8477
38.8657,81.5883,69.2461
54.2854,81.5854,70.5703
60.6725,81.593,78.1926
58.5906,81.5894,84.5721
33.7648,81.5882,77.3634
57.3858,81.5865,87.0111
65.8973,81.5911,91.0189
56.6771,81.5945,90.6571
47.5267,81.5858,93.6387
40.6558,81.5922,78.0355
55.361,81.5925,66.4647
45.5796,81.5893,85.9863
61.0375,81.5909,87.4122
46.7119,81.5903,88.3453
44.91,81.5882,79.8784
43.1691,81.5875,86.3573
57.0663,81.5857,71.3484
56.7728,81.5864,82.194
50.1895,81.5901,90.2288
38.6487,81.5925,77.5711
66.9965,81.5937,75.2759
37.3063,81.5853,65.4281
54.0456,81.5855,71.5167
39.5759,81.5872,65.6654
63.5866,81.5895,64.6591
50.6239,81.5934,69.1028
48.2178,81.5857,68.7682
49.5466,81.5917,74.9907
36.4845,81.5876,65.4272
54.1293,81.5874,80.8173
45.6087,81.5856,66.5032
64.6251,81.585,91.3212
33.1938,81.5859,88.7918
52.9147,81.5925,71.7686
41.1212,81.5927,94.2321
40.41,81.5943,88.1735
60.1666,81.5902,77.797
48.8209,81.5878,87.0956
50.4547,81.5923,85.8501
43.8137,81.5882,80.5976
66.7633,81.59,74.4678
42.8862,81.5854,82.8537
40.5072,81.5915,64.7814
51.0949,81.589,72.6617
37.9332,81.5884,74.7925
43.9655,81.5859,84.9082
55.0659,81.5928,64.5727
55.3472,81.5916,67.8316
39.6166,81.5857,81.419
34.1558,81.594,79.494
59.502,81.5894,93.7301
50.8273,81.5878,86.4163
64.8936,81.5929,80.1141
63.607,81.5924,72.4498
56.1168,81.5874,66.2355
34.687,81.5875,64.7437
42.654,81.586,94.392
40.7803,81.5861,88.3675
35.1985,81.5854,69.2956
38.619,81.586,72.3167
65.3838,81.5905,93.5165
37.108,81.5861,82.5131
65.8634,81.5851,88.5398
35.8001,81.5851,77.507
49.9267,81.5863,92.0893
63.8005,81.5932,80.9322
35.5628,81.5945,77.0584
62.3951,81.5861,81.2187
32.2775,81.5902,70.0438
64.0909,81.5854,82.4329
36.4746,81.5869,71.5221
48.5385,81.5921,71.4829
33.4726,81.5875,69.707
54.347,81.5907,93.2635
34.6769,81.5919,71.2888
41.8358,81.587,65.3224
55.9049,81.5851,65.5813
51.1748,81.5865,79.6932
47.2509,81.5863,83.8878
51.145,81.5946,84.985
51.2567,81.59,72.8847
34.0376,81.5892,84.201
66.231,81.5934,85.0022
67.4751,81.5944,95.3333
47.1004,81.5888,95.265
49.5304,81.5877,85.9664
41.1678,81.592,94.1804
46.8193,81.5881,75.8582
52.8301,81.592,70.1169
50.2561,81.5851,82.955
46.6,81.5867,85.8414
63.1459,81.5945,74.0153
35.1182,81.5898,66.1395
66.5778,81.5883,88.1789
63.682,81.5887,87.1679
67.0575,81.5899,81.398
49.5655,81.5859,94.4472
39.2156,81.5875,68.1255
60.7884,81.5873,72.0723
62.919,81.5899,73.185
38.0852,81.5856,88.7245
37.8715,81.5907,65.1284
38.1878,81.5874,82.3417
65.961,81.5928,75.6298
57.7377,81.5853,83.8617
41.0318,81.591,73.4653
45.777,81.5861,83.3298
39.6844,81.5925,92.7758
56.6973,81.5896,81.8194
41.3754,81.5856,72.1727
39.6394,81.5866,95.5447
40.0327,81.5937,67.4999
52.4765,81.5874,72.8432
62.6359,81.5855,93.5778
50.2091,81.5886,80.7293
59.1239,81.5937,90.318
39.7794,81.587,76.6407
39.5345,81.592,94.752
62.7934,81.5877,76.6441
33.5041,81.5917,68.0853
58.0743,81.5926,91.5891
44.7924,81.5855,78.2841
64.582,81.5854,92.0021
57.8035,81.587,84.0336
54.743,81.588,70.1776
33.8104,81.5924,67.6318
66.0054,81.5876,85.3737
58.2939,81.59,88.8504
67.8691,81.5877,95.3042
37.1003,81.5916,87.2017
33.7221,81.5856,71.2291
57.0696,81.593,87.4031
35.1018,81.5863,85.1187
66.2013,81.5878,82.8234
48.0995,81.5937,67.228
55.6138,81.5853,92.0182
38.1968,81.5911,69.0599
52.4943,81.5854,87.0426
59.0114,81.5851,90.2489
64.5286,81.5892,94.5983
57.5041,81.5927,68.8171
54.3064,81.5872,77.7527
41.5214,81.5888,79.8423
56.8289,81.5861,88.5417
35.9813,81.5901,67.9586
51.488,81.5888,89.3568
48.4993,81.5874,68.9205
55.9784,81.5874,81.7297
33.4556,81.5878,71.8609
54.4164,81.5917,68.0913
61.0423,81.5925,76.3545
42.3334,81.5853,73.2047
53.7928,81.5919,63.5217
60.4735,81.5921,89.395
43.1837,81.5857,63.995
43.9679,81.587,94.9867
35.3673,81.5877,67.8442
45.1583,81.5904,81.0473
53.7231,81.5904,64.7012
38.7215,81.585,88.5255
61.0521,81.5856,92.4846
43.005,81.5934,85.3278
56.8766,81.591,89.9594
32.4178,81.5881,93.4754
53.2719,81.588,76.2135
57.5829,81.586,93.5551
59.0041,81.5869,71.7736
46.0928,81.5893,85.8011
62.8185,81.5944,83.0309
51.9187,81.5856,73.5982
56.5792,81.5862,76.7658
32.282,81.5929,78.8645
52.328,81.5944,71.6487
40.1253,81.5862,63.408
50.5375,81.5897,85.0315
43.8478,81.5864,77.0031
55.4038,81.5859,88.5769
44.5108,81.5895,69.9015
62.5609,81.591,67.6314
57.1463,81.5862,91.9739
39.8704,81.5941,81.136
67.7137,81.5891,75.4001
44.4613,81.5945,72.5499
61.1152,81.5884,80.2224
32.4704,81.591,76.4494
59.1226,81.5875,94.9949
60.0528,81.587,76.1951
47.6052,81.5872,64.3306
66.9778,81.5874,87.0712
52.7559,81.5851,79.8024
59.3338,81.5945,68.5202
66.3134,81.5873,73.3162
46.3334,81.5914,81.0649
53.1218,81.5879,68.1052
49.2229,81.5891,78.4562
34.3569,81.5868,85.4143
34.0234,81.5889,88.3242
47.4203,81.5864,95.4596
64.9125,81.5907,93.3421
37.8806,81.5874,84.5277
35.4543,81.587,64.1357
49.8734,81.5879,87.4451
33.4869,81.5851,91.0476
47.1261,81.5892,80.2331
58.9967,81.5859,84.0812
32.2775,81.5931,95.7428
54.5029,81.5854,82.1231
38.4322,81.5882,78.0914
61.7022,81.5861,91.5707
39.279,81.5921,89.5592
41.358,81.5929,86.589
43.1199,81.5874,74.6856
63.685,81.5866,73.4591
41.8103,81.5865,75.8831
51.7093,81.5921,88.8366
37.6574,81.5882,74.8036
38.8492,81.5876,90.3792
40.3226,81.5928,73.7705
50.2085,81.5879,86.2151
58.3684,81.5859,94.1293
53.1625,81.5853,93.714
57.6744,81.5863,86.8316
59.8582,81.59,72.5292
36.1769,81.591,73.2779
62.1909,81.5864,82.403
49.3707,81.5856,87.2973
37.3931,81.5891,63.3738
37.8572,81.5913,69.3476
43.5699,81.5852,81.7465
47.8732,81.5918,81.4419
46.4889,81.5936,82.1034
44.522,81.5906,71.5316
51.8551,81.586,87.5849
35.5344,81.5873,77.3386
65.8414,81.585,74.5721
43.4648,81.5925,86.9916
55.7976,81.5922,85.0015
56.9458,81.5929,73.655
64.3418,81.5934,68.0983
57.7354,81.5875,84.9798
47.6062,81.5887,83.379
48.5542,81.5853,68.819
52.2321,81.5862,81.9629
51.5413,81.5918,74.9006
33.0473,81.5874,69.4302
48.606,81.5944,88.4691
65.1339,81.5901,72.6464
53.224,81.5863,66.9094
67.0725,81.5934,71.0855
39.4416,81.5871,67.2149
44.6922,81.5928,93.3363
63.8811,81.5871,95.5882
49.4632,81.5867,64.5528
51.451,81.5873,63.4205
43.3632,81.5934,87.1166
44.6899,81.59,92.9403
32.0048,81.5883,74.1719
42.9353,81.5934,74.5402
40.1115,81.5904,86.8362
55.8596,81.5855,74.2468
53.2399,81.5857,92.6228
34.1428,81.5892,92.2135
64.4218,81.5857,82.5831
32.8192,81.5942,63.047
65.9507,81.5865,87.9059
32.5894,81.5923,84.9204
57.1601,81.5892,69.8825
63.6565,81.5932,88.5197
32.7547,81.5854,77.5376
45.318,81.5852,86.0036
47.423,81.5929,92.0826
62.364,81.5947,92.1369
42.9184,81.5863,74.4298
37.8444,81.5869,70.2831
65.1163,81.5856,67.5496
64.787,81.5867,70.629
45.3074,81.5933,90.4126
43.4277,81.5892,90.8019
38.7907,81.586,89.2248
40.7362,81.5906,79.1458
43.4737,81.5918,83.7876
64.1122,81.5851,74.6048
40.2761,81.5873,93.8836
35.6582,81.5906,95.3347
46.0521,81.5888,80.6597
51.1273,81.5882,68.0893
46.2439,81.5862,88.2855
57.15,81.5944,91.7922
37.0388,81.5879,81.3813
37.6763,81.5884,81.021
40.7498,81.5858,86.8851
51.9381,81.5878,75.0474
46.9865,81.5943,93.3902
40.1238,81.5886,91.7142
53.4045,81.5886,71.3266
53.0414,81.5883,71.5581
64.6593,81.586,82.7862
54.6342,81.5861,83.6365
53.9792,81.5871,93.3647
62.5217,81.5937,76.0985
58.944,81.5928,90.0577
64.6645,81.5852,71.035
39.622,81.5928,85.6852
38.4769,81.5852,75.7672
53.407,81.5866,94.3483
65.4655,81.5934,81.7883
40.2842,81.5856,95.7735
51.3233,81.5939,82.8428
56.6398,81.589,63.9161
54.0263,81.5855,90.6939
63.2704,81.5853,65.5746
49.9891,81.5937,71.1921
54.3176,81.5864,72.9176
44.9195,81.5926,77.3459
55.4612,81.5877,66.082
61.9099,81.5918,65.3791
41.761,81.5927,82.4502
48.7961,81.5888,87.5477
40.9869,81.5886,86.1132
35.7728,81.5899,64.2749
60.2538,81.5873,64.5053
64.4775,81.5866,93.7502
55.1918,81.5895,70.9395
40.3133,81.5924,79.3334
57.1969,81.5921,85.1149
58.8961,81.585,75.7917
59.0786,81.5933,74.5632
52.7677,81.5869,66.183
64.5562,81.5923,94.9492
54.2366,81.5892,76.1782
53.1402,81.594,83.963
37.2382,81.586,88.7961
32.5739,81.5875,86.5468
32.3078,81.5881,65.6598
33.4448,81.5851,89.6383
49.6661,81.5863,84.3819
56.9552,81.5887,69.8736
59.8948,81.5936,92.282
36.744,81.5901,74.8241
44.0864,81.5878,79.4899
45.6753,81.5875,83.1539
38.4085,81.5871,67.8686
55.6581,81.586,82.1223
50.922,81.5854,81.2378
43.6798,81.5863,66.2859
58.6348,81.5853,83.4017
61.9376,81.59,67.0705
54.9472,81.5887,90.3518
39.6902,81.5869,75.9087
58.9591,81.5896,93.3712
53.3386,81.5876,86.3173
42.7164,81.587,63.4244
50.2975,81.5855,85.7935
39.8899,81.5851,68.2025
53.3693,81.5854,76.9968
46.7347,81.5922,84.4111
33.6051,81.5923,69.4349
44.7119,81.587,77.1122
57.5659,81.5925,86.8167
56.1716,81.5861,88.8695
55.2053,81.5935,67.4029
46.0618,81.5894,80.2174
44.8337,81.5852,75.4211
39.7375,81.5858,82.8484
65.5002,81.5912,77.8826
35.9541,81.5913,67.9427
57.7114,81.585,89.2116
45.5459,81.5892,79.3172
38.5071,81.5927,63.286
57.5313,81.5928,83.9542
51.1496,81.5886,69.3341
55.813,81.5864,91.7041
37.735,81.5856,74.4593
46.9739,81.5926,74.3821
40.0403,81.585,80.5854
44.0398,81.5943,75.7221
51.6383,81.5861,77.8364
63.9555,81.5876,69.3788
46.4285,81.5884,82.4548
39.3871,81.5928,88.237
33.6336,81.585,82.7001
37.5921,81.5879,65.0094
51.6959,81.5892,81.2404
67.1395,81.5923,86.798
63.4231,81.586,70.7829
44.3449,81.5876,71.443
32.1852,81.5891,66.1322
59.21,81.5917,84.1409
67.5965,81.5852,72.0387
39.7356,81.5909,73.9386
37.0101,81.5902,87.2115
35.0834,81.5883,83.7551
52.2171,81.5863,71.2564
59.9243,81.5905,92.4864
67.1996,81.5874,93.8448
48.6479,81.5891,71.6777
55.2264,81.587,64.4143
50.5496,81.5894,74.6842
55.8401,81.5889,86.151
40.4953,81.5852,91.4941
42.4747,81.5857,89.9667
66.306,81.586,83.0333
33.7931,81.5855,90.5239
60.6783,81.5855,85.7627
59.0272,81.5893,80.184
43.1243,81.5919,78.2372
56.671,81.5928,65.1929
36.5325,81.591,75.1055
39.8529,81.5928,70.9422
52.6669,81.5912,94.2571
48.4793,81.586,81.008
49.6404,81.5926,82.9534
39.8939,81.5851,92.1367
44.3778,81.5867,80.2604
67.6928,81.5938,78.1715
62.2547,81.5909,66.3279
32.4828,81.5867,69.7212
57.1334,81.5879,69.4928
60.066,81.5883,73.4959
53.0184,81.5878,91.0825
51.5774,81.5939,72.1612
34.6874,81.5853,64.692
51.9525,81.5921,88.0295
60.1227,81.5853,78.917
52.2448,81.5861,72.9641
65.9043,81.5886,73.4854
65.1242,81.5858,79.4506
34.1924,81.5863,85.1894
35.6296,81.5933,75.4439
59.3632,81.5856,75.8007
60.8734,81.593,93.9676
48.8538,81.5928,71.5282
55.4018,81.5866,69.2969
48.9327,81.5866,82.3781
56.0296,81.5937,72.8043
40.226,81.5919,95.3767
52.6814,81.5865,87.2842
66.1304,81.5881,77.5424
40.2518,81.586,84.1125
49.8791,81.5874,85.7912
37.5953,81.5927,83.5031
64.8129,81.5869,71.3801
61.5637,81.5864,85.542
54.4025,81.5897,77.6598
51.8376,81.5921,78.4743
60.0436,81.5911,88.7986
56.5011,81.585,84.0733
64.2868,81.588,77.2874
61.9898,81.5917,71.452
64.8198,81.5874,66.5017
65.6963,81.5856,91.8827
34.649,81.586,91.8392
40.5253,81.5937,86.2706
64.4121,81.5854,70.07
67.2989,81.5881,66.9335
33.902,81.5857,80.4008
40.1325,81.5927,85.7692
56.0559,81.5942,65.9613
61.8843,81.5851,82.5072
38.1664,81.5855,66.5905
64.8329,81.5914,63.4623
51.1867,81.59,89.044
59.5914,81.5912,93.5586
55.0805,81.5929,76.3751
63.6757,81.5894,65.047
59.8672,81.589,78.6185
58.8117,81.5873,85.5667
44.0729,81.5886,73.0124
55.5968,81.5897,77.6913
35.647,81.5896,79.9983
35.11,81.5919,67.3304
32.6355,81.5931,85.5026
37.1914,81.5935,94.578
32.3912,81.5919,77.5684
45.718,81.5879,86.8897
49.7155,81.5873,80.6523
36.1266,81.5865,64.5545
37.3787,81.5868,92.0343
43.7904,81.585,76.1124
38.7536,81.5879,63.1942
46.1141,81.5889,85.1176
54.0988,81.5881,77.8704
67.9253,81.5913,78.8944
59.358,81.5859,71.3578
39.3697,81.5899,85.4962
58.0198,81.5915,77.897
48.457,81.594,75.5857
36.1093,81.5921,77.8742
53.7785,81.5895,80.3234
53.8097,81.5872,68.531
58.9684,81.5865,91.7848
42.1017,81.585,88.1437
54.2477,81.5852,66.6459
53.1418,81.5877,76.2461
52.6814,81.5879,75.636
61.9853,81.5851,74.548
67.2057,81.5935,65.6222
65.7003,81.5862,76.7414
33.7095,81.5917,83.8823
36.0349,81.588,80.0537
59.3122,81.5895,87.4355
49.1519,81.5893,93.0556
41.0751,81.5861,76.6885
49.9989,81.5922,82.0117
42.4521,81.5937,73.9178
38.7944,81.5867,81.7178
43.189,81.5853,67.9131
58.3351,81.5933,85.9801
62.5673,81.5865,70.2234
33.2724,81.5877,82.7507
61.2555,81.5862,93.241
35.6907,81.5934,80.2459
59.7528,81.5864,64.5966
45.162,81.5928,72.2292
50.7456,81.5933,72.8997
49.8379,81.5861,93.9451
32.1897,81.5856,76.4869
40.383,81.585,83.6611
59.894,81.5871,75.9523
61.4352,81.5855,71.7332
37.4544,81.5852,77.0029
66.2465,81.5864,76.9876
33.2054,81.5911,67.8749
33.9859,81.5911,76.6689
53.442,81.5875,84.3226
37.9408,81.59,77.1188
47.1462,81.5857,63.4731
65.2444,81.5879,81.031
40.1023,81.5861,69.4153
45.4624,81.5923,66.198
59.4556,81.5854,77.2045
35.538,81.5855,69.5721
65.3704,81.5854,84.8545
46.9343,81.5856,73.8111
45.0943,81.5851,95.5399
50.6981,81.5872,84.5279
58.9673,81.5919,83.8089
38.2758,81.5903,84.5317
57.1517,81.5932,87.6691
37.3697,81.5898,74.6799
48.6841,81.5863,83.1656
41.2801,81.5927,78.1719
47.7142,81.5915,75.7
46.4133,81.5861,86.8246
55.8641,81.5926,72.1464
49.2754,81.5875,73.4555
42.1873,81.5853,80.4253
60.7203,81.5853,82.1926
56.0553,81.5934,64.4148
44.4459,81.5869,77.263
66.1217,81.587,67.5931
33.1304,81.5931,66.4248
66.1088,81.5927,74.0933
57.1833,81.5881,88.2453
34.6065,81.5851,65.3865
35.016,81.5893,82.2249
41.5173,81.5939,63.068
55.6699,81.5875,65.8107
36.5074,81.5874,67.2491
60.0319,81.5865,72.9213
37.5141,81.5942,83.7347
44.5467,81.5861,93.1156
35.4528,81.5929,89.4208
58.9844,81.5899,67.7823
46.9705,81.5947,92.4616
62.9359,81.5905,66.99
51.7264,81.5852,87.9543
44.2162,81.5924,88.9963
42.4335,81.5945,94.3862
34.187,81.5882,92.0285
37.4414,81.5922,72.2357
52.0539,81.5864,84.7754
64.0589,81.5869,79.1161
36.9215,81.5883,71.1732
47.962,81.5879,70.6835
55.3236,81.5934,91.1264
35.6791,81.5884,64.0442
64.9713,81.5865,64.0833
47.8039,81.5943,75.953
38.5219,81.5936,84.9891
34.5866,81.5936,91.8776
33.3,81.5937,91.7006
61.7591,81.5881,68.6694
34.67,81.5855,88.2762
61.0105,81.5877,92.9015
67.2765,81.5859,73.0767
66.2622,81.5939,83.6024
51.6636,81.5865,90.6717
64.5451,81.5855,91.1974
38.4658,81.5865,70.9772
34.3119,81.5866,95.7582
66.1894,81.5874,90.7511
55.0536,81.5882,76.7969
52.8199,81.586,64.2025
41.8061,81.5852,84.8989
66.372,81.5868,74.8762
40.5529,81.5909,64.1289
63.9656,81.5868,79.0606
59.7703,81.5876,83.8423
55.8738,81.5916,71.1701
66.1742,81.5865,74.5446
49.7195,81.586,71.1909
42.9358,81.5927,91.1679
43.6431,81.588,69.1212
51.3298,81.5894,76.4479
62.2963,81.5915,79.848
51.7774,81.5857,71.8576
64.0346,81.5864,63.7696
45.6785,81.5851,66.0352
38.8581,81.5938,86.6887
38.9662,81.5904,95.0357
58.9958,81.5933,77.1033
66.2733,81.5875,75.5455
52.2852,81.5882,63.5159
32.8558,81.5854,94.5946
42.7893,81.5883,85.3864
43.5242,81.5895,78.2051
46.6275,81.5905,85.7341
53.5343,81.5901,81.8482
36.6562,81.5881,85.3041
37.0736,81.5921,82.4791
55.9783,81.5938,93.6557
32.7035,81.5894,88.5871
56.4183,81.5891,68.7405
46.8853,81.5888,92.3252
62.254,81.5932,76.3761
56.1555,81.5923,64.9501
51.7819,81.5854,79.6458
64.901,81.5936,94.9003
60.5458,81.5879,78.4142
42.8887,81.5944,67.7749
38.6267,81.5883,78.3997
57.1205,81.5883,81.2283
54.5492,81.586,68.1899
64.6596,81.5873,91.0815
34.0105,81.5861,64.4892
46.3349,81.5944,93.1409
63.1176,81.5913,68.4066
36.8408,81.5872,71.4085
39.6255,81.5851,68.2108
49.4731,81.5857,66.4671
46.7355,81.5934,73.3202
46.7568,81.5865,84.378
53.6413,81.5877,79.6715
39.7031,81.5896,87.7794
57.9812,81.5854,89.8384
58.2054,81.5874,82.7548
36.8872,81.5881,91.1001
49.3567,81.5858,72.0857
53.8006,81.5863,83.0507
40.0275,81.5942,82.4713
39.2085,81.5878,84.9558
66.8524,81.5904,89.9998
43.2789,81.591,73.1604
35.3204,81.5874,72.5618
48.3204,81.5935,76.4839
36.6756,81.5909,74.4123
32.8347,81.5855,79.2368
46.5194,81.5887,81.0755
60.6915,81.5908,74.1463
47.3816,81.5933,94.0103
50.8133,81.5877,63.6032
61.8462,81.5851,77.9181
64.4929,81.5914,81.4292
48.9534,81.5932,92.264
39.0898,81.5941,68.7902
44.0201,81.5917,94.2075
57.6379,81.5871,65.8205
44.5848,81.5857,87.7667
64.739,81.5937,73.1422
34.1638,81.5915,85.5554
56.2453,81.592,77.9587
46.4818,81.5895,86.134
44.3294,81.5919,82.2597
51.5944,81.5876,95.7225
61.216,81.594,94.2912
57.0507,81.5859,64.4057
46.6309,81.5904,81.4921
66.647,81.5927,70.4313
59.1211,81.594,94.6975
50.9993,81.5924,76.7839
34.8715,81.5863,67.9676
34.6883,81.5857,85.1583
64.538,81.5857,83.4653
33.231,81.5911,86.3985
46.3397,81.592,75.0333
67.6917,81.5932,75.8943
35.5429,81.5866,77.6361
49.4395,81.5924,78.7237
38.5184,81.5851,80.4474
39.4671,81.5854,81.8589
63.094,81.5944,76.1496
52.1725,81.587,68.3757
62.3274,81.5927,75.9698
35.384,81.5857,87.6956
53.8474,81.5871,76.5375
59.0225,81.5867,76.587
42.7069,81.5914,88.696
51.2357,81.5936,83.7696
41.1244,81.5905,77.5042
57.0055,81.5856,68.8821
40.6558,81.5853,87.4715
32.0063,81.5884,93.5156
45.7329,81.5881,64.9867
49.9304,81.5869,80.0462
49.9963,81.5863,70.6858
51.195,81.5859,94.942
47.7546,81.5855,81.7359
34.4116,81.5853,79.6761
48.6552,81.5875,85.4181
57.319,81.5878,76.2129
50.0751,81.5862,77.9019
44.0315,81.5862,82.5412
44.9605,81.5881,85.1011
34.489,81.5857,83.9412
42.4288,81.586,89.2751
41.6788,81.5882,71.6162
56.5748,81.5851,91.8364
55.9629,81.5898,91.106
47.9331,81.5902,93.1343
59.0385,81.5881,64.1659
53.6026,81.5888,71.1126
57.731,81.585,68.2433
53.3008,81.5886,64.8101
52.9745,81.5865,75.7458
45.7145,81.5934,87.2956
50.9605,81.5927,67.9556
49.7618,81.5939,66.0597
38.5354,81.5893,73.8028
51.4212,81.5865,78.9999
59.4445,81.585,90.5986
43.7275,81.586,82.1452
56.4436,81.5888,80.1647
61.3254,81.5927,92.6186
47.8955,81.5924,95.4117
49.3934,81.5896,95.9728
42.7937,81.5945,94.7342
39.7214,81.5918,72.4102
45.7838,81.5921,83.2153
36.2802,81.5858,73.3363
35.2319,81.5934,86.0781
32.7644,81.5903,63.6385
57.2031,81.5939,83.6571
66.038,81.5871,73.7478
57.4612,81.5939,67.8853
38.8157,81.5857,68.9237
41.7972,81.5889,73.2373
34.2324,81.5891,77.3761
47.8225,81.5907,70.8665
47.4257,81.5922,70.3797
33.1307,81.585,94.462
56.8704,81.5894,83.6593
35.4528,81.5856,86.3012
41.8354,81.5876,86.1526
38.4197,81.5945,72.2519
39.6139,81.5859,79.726
58.1175,81.5856,77.3825
52.3119,81.59,92.7379
53.7051,81.5874,86.2831
65.3452,81.5857,77.2151
36.7091,81.5852,87.5031
43.2886,81.5878,68.0367
39.6002,81.5885,93.9271
66.8467,81.5935,65.93451.1265,81.5857,64.5269
52.3355,81.5915,71.6878
40.5662,81.5911,70.1756
59.8538,81.5941,75.6908
50.7961,81.5853,75.3081
53.3023,81.5866,71.3784
45.9509,81.5853,88.7513
55.6515,81.5945,70.6739
52.8851,81.5913,86.0214
36.6373,81.5908,90.4929
67.3966,81.5943,85.2986
61.8385,81.5866,85.0027
36.349,81.5939,63.5881
66.4522,81.5941,68.1321
44.433,81.5865,89.5654
63.994,81.5904,88.9521
66.5217,81.5876,70.4351
49.5854,81.5903,90.8287
62.6492,81.5867,85.3679
67.3605,81.5877,70.0838
65.6427,81.5865,95.6518
38.8565,81.594,69.7264
44.2696,81.586,88.113
66.3651,81.5903,90.7768
67.2012,81.5907,75.5846
40.9202,81.5911,67.5427
48.675,81.5915,93.9842
50.0201,81.5857,85.5628
41.4103,81.5899,89.8845
32.1573,81.5931,85.0977
44.1494,81.5872,80.7345
58.8166,81.5873,76.6139
34.4386,81.5934,90.6271
44.1736,81.5864,65.8876
60.1957,81.5888,71.1624
63.0713,81.5857,89.8773
64.3725,81.5901,80.6539
38.5487,81.5868,85.6371
48.1612,81.5943,90.9354
64.1706,81.5913,91.2339
60.188,81.5916,78.035
43.763,81.5858,77.4268
58.3889,81.5938,77.816
50.3903,81.5886,64.3754
44.8023,81.5854,87.5761
52.1427,81.5938,91.1697
42.2514,81.5873,86.1674
49.3359,81.5866,78.2313
49.6101,81.5851,88.0733
59.2059,81.5916,65.6793
62.2762,81.5863,83.8115
54.4418,81.5904,78.9496
42.1804,81.5852,83.2322
67.2816,81.5943,70.1221
61.1922,81.5881,75.3494
39.8386,81.5873,93.7429
62.9188,81.5918,94.6026
64.023,81.591,85.6621
58.6706,81.586,73.2979
58.5985,81.5868,82.8415
59.1576,81.5891,90.8383
53.459,81.5929,72.751
34.0083,81.5854,78.092
46.6226,81.5875,63.5338
39.5907,81.5879,77.9751
66.0694,81.5876,78.9004
64.3256,81.5895,93.9976
55.6878,81.586,81.074
62.4985,81.5921,86.2453
32.1584,81.5883,75.0489
62.9917,81.5918,66.6373
41.2087,81.5928,83.3313
47.2738,81.5878,87.7216
34.864,81.5861,87.6362
32.6195,81.5874,89.9613
32.6027,81.5924,74.595
32.1206,81.5853,66.3167
46.0809,81.5897,90.5048
63.9835,81.5867,83.0879
64.1925,81.5887,67.115
60.0587,81.5924,66.221
50.3586,81.5853,93.5018
39.0101,81.5876,73.5688
56.1653,81.5859,71.9791
45.9786,81.5858,73.2762
34.7459,81.5943,86.1857
57.4906,81.5872,64.2054
46.4334,81.5897,95.8063
49.2734,81.586,88.7845
48.6832,81.5864,73.9314
58.0772,81.5939,76.2045
32.8686,81.5874,65.5056
36.73,81.5854,63.8996
38.2077,81.5872,92.9846
63.7895,81.5913,76.6748
47.01,81.59,79.3168
51.2886,81.5878,78.3612
35.6622,81.5858,87.0617
53.5178,81.5861,81.7287
47.6331,81.5853,67.869
39.1438,81.5873,67.1066
37.0825,81.5886,92.2876
51.6008,81.5863,77.0651
49.6007,81.5862,84.4567
44.9004,81.5916,64.4051
45.4122,81.5851,95.1937
33.2917,81.5861,77.9978
49.2437,81.5887,63.3044
64.9583,81.5878,64.9568
45.7448,81.5896,81.4808
46.3852,81.5884,70.9901
37.0711,81.5866,79.7921
65.1731,81.5851,77.9594
37.0626,81.587,77.6649
33.5256,81.5874,80.692
62.1827,81.5929,78.3781
39.2285,81.5881,89.7913
49.3459,81.5864,76.8285
54.6631,81.5884,64.0526
49.2958,81.5912,67.4283
35.4823,81.5912,95.8733
59.1734,81.5872,63.6046
66.3015,81.5862,85.3653
49.6859,81.5871,66.0769
66.7968,81.5929,77.6246
46.1453,81.5937,72.7056
63.7385,81.5881,79.9309
62.258,81.585,83.0205
60.153,81.5896,89.2277
67.826,81.5908,69.5428
54.0681,81.5852,76.7352
58.41,81.5853,67.427
41.7446,81.5944,68.1198
64.6318,81.5879,69.4056
59.9196,81.5903,85.7969
61.5441,81.5863,76.7243
45.1874,81.5932,63.8436
64.657,81.5855,74.4085
66.2694,81.5851,84.13
66.2946,81.5901,94.7211
52.6711,81.5934,82.1756
46.1267,81.5915,63.4048
38.4835,81.5934,78.8928
46.4299,81.5905,77.6426
38.4264,81.5852,75.1943
58.3278,81.5938,90.8362
63.5726,81.5901,88.3697
46.7006,81.5858,82.7907
36.9349,81.5878,75.6558
48.8482,81.5854,74.7802
44.731,81.5869,74.5337
36.9756,81.5936,72.6486
57.9596,81.5879,74.8539
49.1975,81.5856,74.4475
52.0763,81.5854,80.2873
52.9796,81.593,76.8822
34.2005,81.585,70.8239
33.4284,81.5852,84.0315
47.8961,81.5895,94.1142
53.8535,81.5903,91.2199
46.6403,81.5915,87.7484
54.293,81.5887,79.6278
61.6031,81.5883,92.877
57.6858,81.5852,91.8413
36.1867,81.5877,93.7066
45.6131,81.5887,86.355
47.3492,81.5854,75.6253
33.7357,81.5883,80.6282
54.3242,81.5851,80.9242
47.8277,81.5875,86.133
54.8005,81.5877,68.8611
41.5651,81.5869,90.2762
45.4693,81.594,72.519
56.0582,81.5932,82.6641
35.4188,81.5851,82.854
34.9616,81.5857,91.994
32.2107,81.5874,72.2518
45.5644,81.5858,83.6688
42.425,81.5852,77.0719
32.8638,81.588,77.6029
41.7329,81.5927,75.8779
59.2247,81.5917,73.7333
40.0321,81.5853,73.3316
62.2774,81.5919,87.8927
60.9195,81.5867,74.5645
61.901,81.5916,70.311
64.2667,81.585,82.9575
43.4529,81.587,71.8694
44.6466,81.5936,84.3655
62.9461,81.591,75.0306
46.3493,81.5859,86.2999
53.6014,81.5859,67.7848
58.8603,81.5908,87.2137
41.9319,81.5946,79.586
45.3928,81.5867,86.1216
34.1609,81.5871,67.1664
40.1841,81.5861,81.2345
65.3951,81.5915,73.6784
55.8004,81.5854,63.4951
40.2959,81.5878,68.7469
34.2773,81.5862,90.0836
43.8014,81.5941,76.2481
55.6103,81.5881,72.3717
51.4085,81.5873,83.0931
56.5089,81.587,79.3241
62.6769,81.5884,69.505
51.4364,81.5886,85.8064
33.55,81.5921,77.8665
50.2571,81.5934,63.7415
51.4141,81.5887,70.4545
46.4931,81.5921,84.2099
46.1375,81.5853,94.165
58.4287,81.5865,74.106
50.4854,81.5851,89.7855
56.933,81.5905,94.6962
41.5845,81.5863,89.1398
45.5327,81.5853,94.8039
54.3609,81.5872,65.3073
40.935,81.5917,74.258
63.4586,81.5884,69.8812
59.6031,81.5917,83.5684
56.2893,81.5863,70.4599
66.783,81.5933,64.9932
49.5448,81.5924,75.1539
53.7311,81.5929,91.3107
65.2128,81.5909,75.6823
43.5487,81.5858,81.6711
37.0858,81.5872,80.875
52.2431,81.5936,82.6315
57.1741,81.5856,79.2295
34.7594,81.585,94.832
42.166,81.5909,80.1205
62.4991,81.586,82.731
58.7971,81.5853,82.3871
59.6536,81.5943,76.9479
37.2846,81.5882,68.8816
39.4878,81.5861,82.8216
43.5177,81.5888,74.0805
36.8346,81.5853,75.8167
38.2925,81.5923,84.1822
66.7511,81.5894,95.6679
52.1001,81.5852,85.6263
51.5668,81.5908,75.5741
32.1757,81.5852,65.1965
48.7757,81.594,75.0326
42.2203,81.5894,85.9384
49.2472,81.587,66.5063
54.1862,81.5868,88.2387
51.1931,81.5863,73.7955
36.8524,81.5869,68.7492
57.4941,81.592,77.5727
37.9995,81.588,93.5034
51.5895,81.5874,83.9695
46.8368,81.5883,88.4192
50.9995,81.5857,76.6896
58.2349,81.5882,81.4071
45.5632,81.5934,79.6494
57.0909,81.5923,75.6327
47.7406,81.5874,64.8811
41.1817,81.5903,68.9742
50.1864,81.5924,87.9359
59.2002,81.5854,92.716
56.7894,81.5884,68.8018
44.7632,81.5855,68.796
32.2213,81.5898,87.5553
35.5447,81.5908,71.0328
37.7773,81.5859,75.9697
61.3772,81.5942,84.6773
54.2406,81.5939,95.1158
41.7806,81.594,81.8997
67.2232,81.5853,79.6748
39.7287,81.5856,86.6528
58.0875,81.5852,73.7327
41.3425,81.5894,74.858
57.2808,81.5933,78.7763
54.9384,81.5916,65.3479
48.0936,81.5874,70.1908
54.5317,81.5936,70.1975
48.1907,81.5863,90.1353
35.125,81.5889,67.7294
35.2682,81.5868,74.7961
37.5008,81.5935,90.53
42.1619,81.586,84.8805
45.8646,81.5872,74.101
36.3602,81.591,86.5819
65.9308,81.5932,95.2411
51.4612,81.5856,82.5425
52.4199,81.587,88.8862
48.267,81.5911,68.2919
49.3691,81.5928,94.2504
39.116,81.5945,87.5702
45.9342,81.5916,82.5462
39.4016,81.5909,67.8989
39.3324,81.5891,84.5523
35.3838,81.5896,67.1959
50.1986,81.5917,69.4991
38.896,81.591,66.7469
46.4389,81.5853,72.9409
62.0511,81.591,70.0494
48.552,81.5852,91.4852
57.2816,81.5936,83.884
36.9106,81.5875,82.6078
36.0899,81.5905,82.4174
65.9164,81.5929,71.143
43.6781,81.5892,73.2868
33.1311,81.5875,65.7523
56.3278,81.5907,63.2356
51.4625,81.5862,74.317
66.4422,81.5856,85.1294
61.7391,81.5893,82.8742
63.5053,81.586,65.6022
47.5621,81.5916,74.9714
49.9798,81.5912,72.5558
40.2233,81.5869,65.1993
48.6211,81.5886,79.5849
49.0843,81.59,78.9238
46.035,81.5881,72.1617
33.0942,81.5882,67.5347
40.8598,81.5883,87.4272
49.4082,81.5937,82.5973
55.8185,81.5923,72.8411
34.4875,81.5908,67.0718
43.6833,81.5872,64.6233
63.0355,81.5882,81.0646
50.3755,81.5914,91.4956
56.9102,81.5888,83.3117
61.4359,81.5887,79.7926
33.3872,81.587,66.766
34.0453,81.5913,73.187
50.7054,81.5857,65.545
38.5103,81.5878,70.6838
44.4343,81.5855,78.3698
54.346,81.589,91.4373
64.424,81.591,84.9857
50.5991,81.5863,83.1886
44.2592,81.589,89.0471
56.0714,81.5933,83.3105
52.1547,81.5863,89.3907
57.3211,81.5933,70.6003
54.4471,81.5881,74.2644
49.7663,81.594,79.1006
43.9714,81.5893,75.4641
38.3402,81.586,70.3239
56.1374,81.5932,84.7362
53.7888,81.5944,65.804
38.9783,81.5916,84.7906
48.5603,81.5943,94.6139
42.4286,81.5911,69.834
65.6487,81.5916,63.5548
34.7897,81.5881,81.4173
37.0379,81.585,82.224
34.1583,81.5859,73.5516
33.9652,81.592,65.3968
50.8707,81.5855,87.3702
65.472,81.5885,82.3595
41.7467,81.5854,74.4729
35.4523,81.5856,88.1331
34.7239,81.5941,67.9537
41.4438,81.5918,75.1193
35.1378,81.5879,89.2632
44.9369,81.5913,73.0505
47.769,81.5858,90.9921
47.5347,81.5862,82.8865
54.3809,81.5914,79.3691
65.5379,81.5863,93.9005
39.6719,81.5855,81.987
35.599,81.5858,64.7419
52.9481,81.587,68.5622
36.3164,81.5876,81.2658
47.3158,81.5857,66.8084
54.125,81.5862,77.6593
34.5494,81.5853,86.5288
55.7729,81.5935,73.4899
60.8726,81.593,87.5894
65.2099,81.594,80.1471
48.7178,81.5863,81.4577
50.9098,81.5925,86.2264
40.5229,81.5914,71.2043
58.4592,81.5879,91.5647
35.5075,81.5854,92.6335
54.9598,81.586,79.5812
32.1588,81.5931,93.1406
56.411,81.588,93.6307
61.3995,81.5912,85.3688
35.7647,81.5918,80.8535
36.4885,81.5906,78.2526
41.0229,81.5863,90.6183
45.7309,81.5877,66.8254
66.9879,81.5903,74.1396
60.4706,81.5943,95.0375
48.5908,81.5858,90.7176
45.5339,81.5878,87.8908
51.5889,81.5912,71.9699
36.0292,81.588,75.5115
57.5951,81.5878,77.4436
49.8055,81.5868,85.3215
32.0698,81.5854,82.1779
33.5638,81.5913,83.5687
44.1723,81.5852,65.3229
60.3355,81.5857,76.8763
62.7129,81.5852,91.0598
53.1796,81.5895,66.0009
33.1661,81.5936,69.8852
64.2613,81.5865,75.9336
61.9685,81.5856,74.1945
46.502,81.5919,69.0676
34.1835,81.5923,75.9315
53.5666,81.5895,90.9914
39.6124,81.5917,68.8241
39.8711,81.5935,72.143
53.5077,81.5885,67.8568
39.2418,81.5872,74.7944
35.5601,81.5876,84.1471
64.7912,81.5947,71.4218
58.3125,81.5936,85.1114
39.2022,81.5881,75.0018
45.1628,81.5859,87.1732
53.3388,81.5875,83.5698
44.3377,81.5896,64.2424
40.5683,81.5927,72.5548
62.3646,81.5864,77.2184
45.337,81.5925,82.5501
54.2948,81.5903,90.7028
44.8183,81.5852,66.2905
47.9404,81.5854,95.6886
45.0792,81.5883,78.6248
37.0311,81.5912,66.0973
66.2997,81.5883,72.6601
32.8238,81.5919,73.5127
58.0866,81.5878,94.204
67.4747,81.589,69.9769
50.0425,81.5854,67.4909
63.7858,81.5878,81.0766
42.9259,81.5877,79.6048
58.6366,81.5852,86.0051
48.8699,81.5944,81.2004
44.2127,81.5929,74.1264
52.7838,81.5859,81.0106
59.5001,81.5915,95.0437
42.0485,81.5939,91.2851
58.1959,81.588,92.7813
50.8568,81.588,76.6298
41.2783,81.587,89.6864
60.5869,81.5882,94.1161
64.49,81.5887,70.25
52.3077,81.5928,69.6173
36.1297,81.594,89.1983
59.1839,81.5927,64.6074
52.7566,81.5941,82.4727
44.1453,81.5887,76.8363
65.1522,81.5921,73.975
47.6239,81.5854,69.7109
48.1725,81.5898,83.9594
63.0588,81.5863,65.5649
44.2282,81.5935,86.3907
58.9874,81.5927,88.1715
58.4304,81.5943,84.9061
46.2733,81.591,69.1916
65.99,81.5941,73.5228
43.0453,81.5879,72.3144
47.1355,81.585,89.0226
57.0517,81.5935,81.4046
59.2683,81.5925,80.8377
37.1542,81.5924,79.7537
57.3167,81.5913,94.5933
59.407,81.585,72.2173
47.8531,81.5883,94.2461
32.1111,81.5926,85.7538
67.9605,81.5863,87.7957
47.1741,81.5933,69.775
60.4286,81.5915,81.6105
39.5463,81.5882,68.0644
40.6075,81.5896,90.6008
34.9796,81.5864,85.1756
32.1453,81.591,81.2793
62.3325,81.5855,82.2328
43.968,81.5944,66.8285
41.4614,81.5886,71.8723
43.4054,81.5882,90.622
64.0471,81.5935,93.6178
65.8393,81.5938,70.1316
34.971,81.5875,77.5438
36.3313,81.5935,67.9095
63.6287,81.5894,78.1844
49.3261,81.5852,71.9751
61.2325,81.5854,85.3019
41.7983,81.5861,93.1502
41.6219,81.5881,81.3057
49.1525,81.5857,79.3244
32.5786,81.585,82.2196
53.4269,81.586,64.2568
38.9883,81.5944,81.0824
51.9,81.5854,80.6229
37.7926,81.5881,74.2738
57.6923,81.592,76.8422
46.232,81.5857,86.6439
58.6355,81.5851,66.9601
43.9882,81.585,81.179
53.7805,81.5854,92.2209
35.481,81.5853,78.8221
67.729,81.5932,86.1097
60.6249,81.5875,67.5034
57.6441,81.5873,80.811
65.4186,81.5859,86.8006
55.9147,81.5932,93.094
65.5095,81.5869,75.7443
62.2703,81.5941,90.7123
61.8376,81.5857,70.021
47.3411,81.5911,81.0747
32.1753,81.5855,74.3166
54.6421,81.5862,76.7252
48.0154,81.5896,72.3973
46.474,81.5852,88.6213
51.4641,81.5944,63.6734
35.8299,81.5856,88.7971
38.0305,81.5858,74.7834
32.0115,81.5855,73.7686
50.8857,81.5887,81.0171
34.457,81.592,71.2646
47.2753,81.5878,67.1366
34.1492,81.5909,85.755
39.0961,81.5913,93.7286
49.7971,81.5897,74.4729
63.5939,81.592,71.1979
45.7623,81.5898,65.6947
48.1132,81.586,74.8167
38.6933,81.5854,67.9938
60.3473,81.5918,68.6355
41.868,81.587,86.8397
35.3053,81.5867,79.2361
65.8006,81.5883,74.1596
46.5882,81.592,86.7221
61.4644,81.5944,87.7203
36.9225,81.5944,86.725
36.4501,81.5851,95.5965
43.6283,81.5856,65.7092
43.2369,81.5938,75.5758
39.1377,81.5938,82.6473
39.8519,81.5907,86.8974
38.5993,81.5894,86.3594
63.1118,81.5896,64.7291
62.8232,81.5868,82.8708
46.7647,81.5937,80.1803
58.5327,81.5909,84.0564
36.655,81.5903,92.8739
55.0177,81.5943,82.1942
44.1857,81.5909,93.142
35.9328,81.5853,79.7758
54.9856,81.5944,82.8835
61.2104,81.585,82.8593
35.6496,81.5942,81.0061
46.8727,81.5923,81.7171
53.198,81.5885,67.4972
59.0144,81.5917,79.8944
36.235,81.5853,90.8455
54.0018,81.5867,66.3955
46.9318,81.5855,95.1877
49.3685,81.5908,77.4145
39.0058,81.5939,84.944
56.9688,81.5914,93.0711
32.4706,81.5938,86.472
33.0982,81.5889,94.2384
51.6034,81.5876,77.3017
33.9747,81.5928,74.726
44.1988,81.5888,69.3514
56.1675,81.5854,92.2123
64.5859,81.5946,90.6391
65.9908,81.586,80.418
44.5487,81.5853,64.2757
55.8073,81.5875,67.0057
34.4687,81.5875,63.864
54.7301,81.5852,83.9161
52.217,81.5887,63.1513
36.0733,81.5854,79.2269
48.9436,81.5875,89.124
41.6415,81.5927,71.906
65.6694,81.5939,78.8192
35.4243,81.5918,74.5904
47.0667,81.5861,66.345
63.7075,81.5883,87.952
53.7448,81.5894,89.9181
63.924,81.5866,77.5719
57.1166,81.5925,94.0778
64.7878,81.5881,81.7012
54.1492,81.5908,79.5354
55.4989,81.5867,69.1721
47.1674,81.5929,91.4399
42.6699,81.5911,92.2682
49.0197,81.5861,84.6867
34.4774,81.586,82.6728
56.6647,81.594,66.485
38.1662,81.5875,69.2984
35.1,81.5907,90.446
35.6729,81.5857,84.2163
40.4337,81.5921,78.9581
62.8391,81.5851,80.7676
54.5376,81.5852,72.8161
61.1916,81.5886,68.5477
63.5324,81.5861,84.9847
46.972,81.5878,89.0414
58.4401,81.5918,81.1981
43.224,81.5874,90.9455
38.2135,81.5905,75.3175
39.3219,81.5853,86.2929
42.6498,81.5855,78.1589
65.4179,81.5937,76.1872
53.6773,81.5898,72.2879
47.685,81.5928,77.0086
67.4458,81.5933,85.2799
45.5324,81.5877,83.0419
51.9469,81.5921,76.1042
65.6896,81.5888,95.778
48.967,81.5884,71.9737
51.4199,81.5852,87.4468
59.4227,81.5938,84.1663
67.5124,81.5919,78.1768
39.5568,81.5888,80.082
44.9321,81.5896,74.2148
54.4401,81.5935,74.2491
58.8385,81.5857,92.1324
47.635,81.5934,75.7953
43.974,81.5945,70.3354
58.4529,81.5851,75.4487
50.3482,81.5938,82.3644
35.1695,81.5937,71.3331
59.1951,81.5853,88.4704
46.6219,81.5874,73.508
34.3987,81.586,65.1668
38.9601,81.592,95.5969
44.8684,81.5863,69.6249
50.7823,81.5903,68.6163
49.9921,81.5851,95.1932
38.7611,81.591,66.8614
32.5098,81.588,78.2303
45.7526,81.5877,88.7124
66.6606,81.5863,80.382
64.3334,81.5851,75.2052
59.2415,81.5861,82.5643
56.383,81.5855,71.5424
54.4135,81.5925,75.4594
47.0976,81.585,91.4613
58.2333,81.5867,63.9134
50.6554,81.5923,95.1727
66.1861,81.5918,68.4907
62.3428,81.5912,92.9479
62.5164,81.5932,87.398
67.6395,81.5902,94.3692
61.9791,81.5851,71.5485
44.9866,81.5857,88.2627
53.9742,81.59,70.6524
60.3962,81.5864,88.5496
37.9456,81.5871,67.5483
40.0573,81.5854,92.3357
37.3908,81.5858,80.3262
66.4617,81.5855,95.2166
63.9112,81.5927,80.5137
51.9754,81.5853,66.652
53.943,81.5856,79.8354
38.1551,81.5867,81.6593
66.8999,81.5888,79.1738
40.328,81.586,79.2747
34.4239,81.5937,92.3216
65.1243,81.5899,87.3598
49.2026,81.5878,90.036
32.6998,81.5856,86.7395
53.1569,81.5906,66.4804
42.3342,81.5929,76.1143
46.5225,81.5876,71.0047
58.6251,81.5892,80.2572
45.9021,81.5893,79.7665
34.8151,81.5924,66.6255
50.3619,81.5858,93.7938
36.387,81.5927,73.6251
57.9471,81.5861,92.206
46.3455,81.5854,81.0734
49.6275,81.5904,66.603
52.7476,81.5861,76.5633
45.2751,81.5929,86.9315
54.7583,81.5883,64.1189
32.7965,81.5904,78.0988
61.1443,81.5947,85.3544
43.6703,81.5919,84.5966
56.166,81.5853,79.029
52.8309,81.5893,73.7374
38.5759,81.5881,90.3285
51.8867,81.5891,69.2575
47.4636,81.5906,68.8791
45.5286,81.5853,68.8324
36.4195,81.5886,70.1571
53.0724,81.5865,89.4519
45.699,81.5878,74.7368
46.3854,81.5858,74.6337
61.9189,81.5935,74.4465
40.0746,81.5863,84.3251
34.255,81.5928,89.1134
49.7015,81.5878,73.0973
59.888,81.5857,74.0775
44.4901,81.5861,87.0561
48.6964,81.5921,89.1792
38.3607,81.5938,71.4821
59.4345,81.5878,83.6279
41.7498,81.5916,75.3529
61.5782,81.5888,70.2398
32.0021,81.5977,92.2293
50.7946,81.5939,71.8679
44.283,81.5857,93.8326
35.3745,81.5934,70.5948
40.5619,81.5878,88.5876
55.2859,81.5934,70.9625
45.4709,81.5875,80.0712
38.314,81.5868,89.5333
61.2689,81.586,78.9478
39.8883,81.5944,84.21
34.3104,81.5931,69.5323
67.0594,81.586,86.0763
47.8021,81.5852,72.1584
56.7197,81.5876,75.1054
57.8904,81.5938,66.7891
57.2951,81.5917,89.0675
53.6456,81.5919,76.1501
46.585,81.5943,85.8047
55.3925,81.5854,83.2202
50.1518,81.5893,80.6159
48.6497,81.5901,65.1083
46.7797,81.592,69.8621
63.2844,81.5851,77.8393
54.3562,81.5886,77.442
37.1358,81.5879,75.7369
38.0915,81.5857,82.0347
61.5899,81.5935,73.1309
44.9541,81.5876,94.2557
62.7421,81.5859,90.9811
39.0279,81.5928,76.1065
49.6321,81.5929,78.4776
47.3792,81.5851,79.7003
58.8194,81.5911,92.9942
40.2141,81.587,67.2746
51.7628,81.5852,67.2042
64.6043,81.5873,84.9251
55.5022,81.5859,80.5743
65.4341,81.5863,76.8835
54.1916,81.5857,91.3669
40.2008,81.5853,85.7184
53.2666,81.5892,80.0848
66.3838,81.5864,66.3206
53.0352,81.5921,81.7484
48.4935,81.5854,70.4882
56.8367,81.5887,84.0082
52.4114,81.585,95.4278
55.1183,81.588,64.0596
61.5924,81.5883,82.2883
62.344,81.5869,80.0614
46.5478,81.5893,88.103
49.7263,81.5932,73.7246
49.6899,81.5859,74.6998
55.8824,81.5851,68.2671
53.4025,81.5852,89.0068
48.0092,81.5945,94.6872
48.6984,81.5897,80.8555
53.9685,81.5872,73.2891
39.6917,81.5856,93.5469
35.2897,81.5879,76.8761
38.7116,81.591,72.1932
38.9541,81.5857,82.7823
39.7355,81.5875,63.8052
64.6754,81.587,66.5487
65.8381,81.5878,75.7937
63.311,81.5912,75.5763
64.2496,81.5894,76.1309
62.6649,81.5892,91.4227
35.7469,81.5896,86.1622
54.1457,81.5854,69.8894
51.6493,81.5941,84.6285
43.6233,81.5853,84.714
33.9726,81.5872,94.3533
39.7141,81.5933,70.2011
50.518,81.5872,69.2835
63.2471,81.5919,78.4514
62.9467,81.5935,88.8185
53.161,81.5872,69.6614
57.1609,81.5921,88.0827
47.5344,81.5851,79.6125
48.1917,81.588,68.0953
43.0734,81.5885,95.8911
57.5019,81.5891,87.8595
45.8159,81.5852,78.4819
44.8018,81.5882,77.9556
64.0413,81.5918,81.221
36.2484,81.5933,91.3964
51.7568,81.5879,88.534
46.6904,81.5894,87.2907
52.0293,81.5906,64.2948
34.4437,81.5857,68.4338
41.2827,81.5876,68.4387
46.1701,81.5889,84.2978
35.9143,81.5854,81.758
49.4277,81.5894,71.1338
33.0101,81.5885,94.6172
40.8654,81.5918,63.7162
62.7769,81.5928,91.4608
51.4211,81.586,95.2642
45.304,81.5934,79.9707
33.4665,81.5857,72.1044
57.5467,81.5874,84.7409
36.5008,81.5881,89.1192
52.0264,81.5863,69.966
50.8243,81.5873,82.017
35.1308,81.5857,71.0343
41.0625,81.5883,63.3705
40.961,81.5936,75.3732
50.901,81.5886,72.1864
62.8344,81.586,63.8095
45.3293,81.5877,86.8212
48.3102,81.5944,78.7645
48.1416,81.5865,92.7429
67.7045,81.5939,73.6905
42.3278,81.5922,87.3837
53.5168,81.585,90.5028
39.7673,81.5936,78.9215
42.619,81.5853,88.2352
48.691,81.5852,92.4341
51.4027,81.5944,74.8877
55.4796,81.5874,91.0169
61.0837,81.5917,82.0362
56.796,81.5858,66.572
42.348,81.5852,95.4712
51.4417,81.585,90.3111
54.6341,81.5921,65.9221
60.2137,81.5901,85.8154
35.6996,81.5931,74.9011
56.1437,81.5944,80.3758
37.8517,81.5912,77.14
49.8438,81.5943,78.4633
50.5264,81.5888,73.9013
33.4341,81.5864,69.4943
43.2044,81.593,90.2539
32.2892,81.5886,80.2173
62.0877,81.5853,74.6876
65.7689,81.585,81.6095
52.4358,81.5936,70.8936
51.45,81.5858,89.92
34.4951,81.5903,77.6764