2.27344
2.67188
2.95312
3.25781
3.21094
4.03125
4.57031
4.26562
4.92188
4.61719
5.34375
5.17969
4.78125
5.01562
5.41406
5.41406
5.29688
5.64844
5.32031
5.17969
5.92969
5.27344
5.71875
5.88281
5.83594
5.83594
6.21094
5.69531
5.74219
5.95312
5.8125
5.90625
5.60156
6
5.78906
6
5.88281
6.30469
5.95312
6.25781
6.14062
6.09375
6.30469
6.25781
5.67188
5.90625
6
6.5625
6.42188
6.30469
5.8125
5.88281
6.32812
6.86719
6.23438
6.1875
6.49219
6.02344
6.28125
6.42188
6.89062
6.49219
6.02344
5.92969
6.72656
6.77344
6.39844
6.49219
6.42188
6.49219
6.09375
6.25781
6.70312
6.02344
6.72656
6.16406
6.70312
6.42188
7.3125
6.60938
6.32812
6.63281
6.28125
6.63281
6.46875
6.14062
6.82031
7.00781
6.51562
6.60938
7.07812
6.46875
6.60938
6.04688
6.16406
6.46875
6.25781
6.63281
6.72656
6.63281
6.35156
6.63281
6.09375
6.89062
6.98438
6.63281
6.82031
6.70312
6.16406
6.44531
7.14844
6.16406
6.35156
6.72656
6.42188
6.58594
6.35156
6.91406
6.63281
6.60938
6.77344
6.58594
6.35156
6.75
6.70312
6.84375
6.70312
7.28906
6.09375
6.96094
6.51562
6.49219
6.84375
6.82031
6.39844
6.77344
6.86719
6.65625
6.42188
7.35938
7.00781
6.77344
6.75
6.39844
6.46875
6.39844
6.58594
6.46875
6.75
6.75
6.84375
6.46875
6.89062
6.86719
6.67969
6.77344
6.91406
6.63281
7.05469
6.96094
6.63281
6.30469
6.79688
6.30469
6.35156
6.63281
7.54688
6.70312
6.44531
6.75
6.70312
6.70312
6.84375
7.03125
6.51562
6.75
6.35156
6.82031
6.77344
6.91406
7.14844
6.49219
6.23438
7.05469
6.98438
6.9375
6.84375
7.00781
6.75
7.14844
6.75
7.125
6.63281
6.86719
6.28125
6.79688
7.03125
7.17188
6.72656
6.28125
6.79688
6.79688
7.26562
6.98438
7.3125
7.00781
7.21875
6.58594
7.24219
7.19531
6.49219
7.07812
6.44531
6.65625
7.07812
7.10156
6.60938
6.82031
6.67969
7.3125
6.44531
6.98438
7.03125
6.5625
6.86719
6.53906
6.5625
6.70312
6.82031
7.07812
6.96094
6.86719
7.125
6.84375
6.58594
6.96094
6.86719
7.125
6.70312
6.72656
7.14844
6.86719
7.00781
7.00781
7.07812
6.79688
6.98438
7.03125
6.79688
6.75
7.00781
7.07812
7.00781
6.86719
6.91406
6.77344
6.72656
6.375
6.75
6.82031
7.38281
6.89062
7.03125
7.6875
6.70312
7.3125
6.77344
6.89062
6.53906
6.11719
6.84375
6.58594
7.03125
6.96094
6.77344
7.33594
6.91406
6.98438
6.84375
6.77344
6.91406
6.5625
7.05469
7.26562
6.9375
6.96094
6.79688
7.26562
6.77344
7.03125
6.96094
6.98438
6.89062
6.44531
6.84375
6.82031
7.07812
6.35156
6.49219
6.51562
6.39844
7.52344
6.89062
6.9375
6.67969
6.77344
6.53906
6.91406
7.38281
6.98438
6.84375
7.03125
7.28906
7.17188
6.5625
6.67969
7.00781
6.70312
6.65625
6.77344
6.82031
6.89062
6.60938
7.28906
7.00781
7.05469
6.67969
7.26562
6.70312
6.91406
6.86719
7.00781
6.89062
7.03125
6.98438
6.70312
7.07812
6.65625
6.98438
7.03125
6.70312
7.28906
6.9375
6.89062
6.77344
6.86719
7.17188
6.70312
7.125
7.07812
6.51562
7.10156
6.96094
6.89062
6.44531
6.77344
6.60938
6.77344
6.82031
6.65625
6.96094
6.96094
6.58594
6.32812
6.84375
6.21094
6.84375
6.21094
6.91406
7.35938
7.03125
6.72656
7.19531
6.39844
6.51562
6.96094
6.84375
7.24219
6.96094
6.9375
6.49219
7.03125
6.65625
6.89062
6.35156
6.89062
6.86719
7.17188
7.125
6.72656
6.9375
7.07812
6.49219
6.53906
6.84375
6.84375
6.98438
7.00781
6.79688
6.98438
7.17188
6.67969
7.26562
6.9375
6.65625
6.72656
6.58594
6.77344
6.79688
6.89062
7.00781
6.39844
6.9375
6.65625
7.07812
6.89062
6.86719
7.14844
7.14844
7.26562
6.63281
6.49219
7.14844
7.125
7.00781
6.91406
6.75
7.125
7.00781
6.75
6.86719
7.10156
7.05469
7.07812
7.33594
6.86719
6.28125
7.05469
6.5625
6.79688
6.30469
6.75
6.75
6.91406
7.78125
6.91406
6.67969
6.91406
6.75
7.00781
7.07812
6.89062
6.96094
7.24219
6.82031
7.10156
7.21875
7.14844
6.14062
6.70312
6.86719
7.03125
6.79688
6.91406
6.63281
6.44531
6.65625
7.24219
6.9375
6.79688
6.79688
6.84375
7.03125
6.375
7.33594
6.65625
7.14844
7.24219
7.5
6.39844
7.17188
7.21875
7.17188
6.89062
6.86719
6.65625
6.65625
7.05469
6.60938
6.84375
6.86719
6.79688
7.21875
6.96094
6.91406
6.77344
7.03125
6.86719
7.28906
6.98438
6.70312
6.79688
7.45312
6.72656
6.42188
7.05469
7.47656
6.46875
7.21875
6.63281
7.14844
6.65625
6.86719
6.91406
6.98438
6.98438
7.125
6.60938
6.84375
6.9375
6.75
6.89062
6.72656
7.00781
6.77344
6.49219
7.52344
6.91406
6.96094
7.00781
6.84375
6.70312
6.77344
7.03125
6.79688
7.24219
6.77344
6.9375
6.79688
7.26562
6.63281
7.07812
6.70312
6.72656
6.75
6.89062
7.5
7.125
6.53906
6.84375
6.58594
6.79688
6.84375
6.86719
7.28906
6.96094
6.60938
6.89062
7.03125
6.60938
6.9375
6.9375
7.03125
6.9375
6.67969
7.17188
7.26562
6.89062
6.67969
6.32812
6.70312
7.21875
6.67969
7.33594
6.84375
7.03125
7.66406
6.75
6.75
6.98438
6.86719
7.125
7.28906
7.35938
7.07812
7.42969
6.79688
7.21875
7.10156
7.19531
6.58594
6.9375
7.125
7.42969
6.77344
6.89062
6.63281
6.91406
6.53906
6.96094
6.84375
6.98438
6.91406
6.75
7.17188
6.98438
6.77344
6.89062
6.60938
7.61719
7.17188
6.53906
6.96094
6.9375
6.98438
6.75
6.79688
7.05469
6.58594
6.91406
6.84375
6.91406
6.63281
6.98438
6.375
6.67969
6.86719
6.67969
6.79688
7.125
6.5625
7.17188
7.125
6.11719
6.65625
6.60938
7.3125
6.91406
6.63281
6.79688
6.63281
7.28906
6.82031
6.60938
7.14844
6.79688
6.39844
6.21094
6.60938
7.03125
6.60938
6.91406
6.67969
6.70312
6.07031
6.60938
7.3125
6.60938
6.51562
6.9375
6.39844
6.86719
6.96094
7.07812
6.82031
6.98438
6.35156
6.49219
7.24219
6.89062
6.82031
6.86719
7.03125
6.67969
6.84375
6.84375
6.82031
6.75
6.42188
6.89062
7.24219
7.125
6.86719
7.14844
6.25781
6.84375
6.89062
6.70312
7.52344
6.9375
6.98438
7.14844
6.91406
6.09375
6.5625
6.35156
6.44531
6.70312
6.63281
6.91406
6.9375
6.98438
6.9375
6.79688
6.63281
6.96094
6.82031
7.33594
6.72656
7.24219
7.3125
6.98438
6.84375
7.125
6.86719
6.86719
6.96094
6.63281
6.63281
6.79688
7.21875
7.17188
7.38281
6.67969
6.75
6.96094
6.67969
7.05469
6.82031
6.89062
7.21875
7.17188
7.3125
6.75
6.86719
7.05469
6.32812
6.98438
6.82031
6.91406
6.39844
7.17188
7.19531
6.82031
6.86719
6.79688
6.39844
6.98438
6.86719
7.07812
6.84375
6.9375
7.10156
6.70312
6.96094
7.07812
6.9375
6.82031
6.21094
6.44531
7.00781
7.05469
7.03125
7.00781
7.05469
6.91406
6.86719
6.72656
6.67969
6.42188
7.03125
6.96094
7.26562
6.60938
6.86719
6.46875
6.77344
6.79688
6.98438
6.84375
6.86719
6.65625
6.82031
6.58594
6.5625
6.96094
6.65625
6.46875
7.03125
7.125
6.98438
7.05469
6.5625
7.19531
6.70312
6.86719
7.125
7.5
6.86719
6.96094
6.72656
7.33594
7.17188
6.44531
6.44531
6.60938
6.65625
7.19531
7.26562
6.84375
6.86719
7.03125
7.17188
6.84375
6.86719
6.14062
6.75
6.75
7.47656
6.9375
6.9375
6.70312
7.10156
6.82031
6.53906
6.75
6.46875
6.91406
7.24219
7.24219
6.63281
6.86719
6.70312
6.91406
6.72656
6.46875
7.03125
6.84375
6.84375
7.00781
6.60938
6.65625
7.24219
7.17188
6.5625
6.9375
7.125
6.75
7.125
6.70312
7.57031
7.10156
6.67969
7.05469
7.42969
7.00781
7.35938
7.07812
6.77344
6.35156
7.26562
6.98438
7.125
6.65625
6.60938
7.26562
7.35938
6.75
6.96094
6.65625
6.75
6.60938
7.05469
6.72656
6.70312
6.96094
6.67969
6.70312
6.67969
6.84375
7.21875
6.16406
7.24219
6.60938
6.42188
7.33594
6.51562
6.67969
6.46875
6.72656
6.67969
6.75
6.98438
6.51562
6.84375
6.375
6.30469
6.79688
6.46875
6.82031
6.91406
6.82031
7.19531
7.07812
7.14844
6.67969
6.89062
7.125
7.19531
6.9375
6.77344
6.96094
7.42969
7.52344
6.84375
6.79688
6.75
6.84375
7.07812
6.89062
6.82031
6.77344
7.17188
6.82031
6.67969
6.89062
6.75
7.42969
6.82031
7.00781
7.10156
6.79688
6.63281
7.10156
6.84375
6.35156
6.72656
7.00781
7.19531
7.38281
6.65625
6.84375
6.58594
6.9375
6.86719
7.07812
7.26562
6.49219
6.42188
6.91406
6.65625
6.72656
6.98438
6.9375
6.60938
6.67969
6.60938
6.67969
6.89062
6.72656
6.5625
6.58594
6.53906
7.03125
6.96094
7.00781
6.82031
6.86719
6.70312
7.24219
6.65625
6.30469
6.82031
7.14844
7.03125
6.5625
6.89062
7.24219
6.77344
6.67969
6.72656
6.86719
6.84375
6.67969
6.86719
6.86719
6.70312
7.19531
6.96094
6.32812
7.47656
6.98438
6.72656
7.05469
6.98438
6.86719
7.10156
6.75
7.28906
6.91406
6.46875
6.67969
6.98438
7.00781
6.86719
6.79688
6.9375
6.96094
7.10156
6.9375
6.5625
6.72656
6.86719
6.53906
7.28906
7.00781
7.35938
6.91406
6.91406
6.63281
6.5625
6.32812
6.84375
6.67969
6.75
7.125
6.84375
6.60938
6.39844
6.82031
6.42188
6.67969
7.19531
6.86719
6.60938
6.89062
7.21875
6.91406
6.75
6.82031
6.91406
6.91406
6.44531
7.10156
6.58594
7.35938
7.05469
6.84375
6.98438
6.86719
7.125
6.67969
6.67969
6.28125
6.46875
6.70312
6.44531
7.03125
6.60938
6.28125
6.86719
6.58594
6.89062
7.07812
6.84375
6.65625
6.84375
6.72656
6.44531
6.77344
6.9375
6.375
6.91406
6.79688
6.79688
6.67969
6.98438
6.65625
6.86719
6.89062
7.125
6.82031
6.63281
6.375
6.51562
6.375
7.07812
7.10156
6.39844
6.70312
6.9375
6.72656
6.82031
7.3125
6.51562
6.53906
6.75
7.125
6.60938
6.82031
7.10156
7.17188
7.10156
6.82031
7.125
6.86719
7.17188
6.84375
7.03125
6.60938
7.17188
6.63281
6.77344
7.3125
6.98438
6.79688
7.03125
6.91406
7.00781
7.00781
7.35938
7.10156
6.84375
7.07812
6.79688
7.10156
6.98438
6.53906
6.77344
6.65625
6.67969
6.58594
6.63281
6.86719
6.84375
7.17188
6.89062
6.9375
6.5625
6.5625
6.91406
6.84375
6.60938
7.10156
6.49219
7.00781
6.46875
6.86719
7.14844
6.44531
7.19531
6.65625
6.58594
6.98438
7.00781
6.51562
6.96094
6.53906
6.39844
6.75
7.03125
6.5625
6.58594
7.26562
6.9375
6.77344
7.17188
6.42188
6.375
6.75
6.49219
6.39844
6.84375
6.46875
6.77344
6.89062
6.82031
6.44531
6.9375
6.72656
6.82031
6.98438
7.10156
7.26562
6.84375
6.51562
6.79688
6.91406
6.65625
6.86719
6.82031
6.70312
7.03125
6.96094
6.70312
6.58594
6.70312
6.72656
6.67969
6.77344
7.10156
6.67969
6.96094
6.67969
7.07812
6.60938
6.84375
6.53906
6.98438
6.42188
6.67969
6.91406
6.96094
6.39844
6.39844
6.77344
6.70312
7.05469
6.67969
6.49219
6.98438
6.79688
6.44531
6.53906
6.67969
6.82031
7.40625
6.51562
6.65625
6.51562
6.79688
6.70312
6.79688
6.32812
6.63281
7.33594
7.00781
7.26562
7.00781
6.77344
6.25781
7.07812
6.79688
6.44531
6.46875
6.65625
6.51562
6.65625
7.26562
7.125
7.24219
6.89062
6.46875
6.98438
6.86719
6.75
7.07812
6.9375
6.70312
6.9375
6.65625
6.65625
6.82031
6.58594
6.51562
6.60938
6.70312
6.75
6.9375
6.70312
7.125
6.84375
7.07812
6.82031
6.86719
7.05469
6.75
6.375
6.84375
6.32812
6.51562
6.72656
6.84375
6.72656
6.96094
6.9375
6.39844
7.03125
6.84375
6.25781
7.24219
7.52344
6.96094
6.84375
6.96094
6.72656
6.1875
6.58594
6.77344
6.9375
6.63281
7.17188
6.84375
6.96094
6.89062
6.96094
6.5625
7.05469
6.86719
6.86719
7.59375
7.03125
6.53906
7.125
6.65625
6.9375
7.05469
7.10156
6.79688
7.05469
7.05469
6.86719
6.51562
6.79688
7.125
7.125
6.82031
6.32812
6.77344
6.96094
6.82031
6.72656
6.82031
6.86719
6.79688
6.60938
7.21875
6.44531
6.89062
6.96094
6.72656
6.91406
6.82031
6.77344
6.63281
6.63281
6.77344
6.39844
6.46875
7.05469
7.14844
6.65625
6.35156
7.00781
6.72656
6.84375
6.63281
6.65625
6.96094
6.67969
7.03125
6.89062
6.51562
7.38281
7.125
7.3125
6.82031
6.63281
6.77344
6.70312
6.9375
6.75
6.75
7.03125
6.67969
6.98438
7.54688
6.375
7.14844
6.82031
6.91406
6.49219
6.77344
6.58594
7.00781
6.58594
6.67969
7.14844
6.82031
6.44531
6.58594
6.70312
6.30469
6.49219
6.82031
6.46875
7.17188
6.53906
6.58594
6.39844
6.60938
6.72656
7.35938
6.79688
7.3125
6.91406
6.375
6.67969
6.70312
7.05469
6.84375
6.75
6.75
7.19531
6.60938
6.86719
7.00781
6.39844
6.96094
7.17188
6.96094
6.89062
6.67969
6.53906
6.375
7.6875
7.10156
6.65625
6.42188
6.65625
6.79688
6.79688
6.79688
6.82031
7.07812
6.32812
7.19531
7.125
6.84375
7.19531
7.10156
6.91406
6.53906
6.70312
7.19531
7.03125
6.58594
7.07812
6.65625
6.65625
7.00781
6.86719
6.70312
6.65625
6.72656
6.67969
6.89062
6.84375
7.10156
6.35156
6.77344
6.91406
6.63281
6.53906
6.98438
6.77344
7.5
6.98438
6.58594
6.91406
6.98438
6.84375
6.89062
6.49219
6.5625
6.96094
6.63281
6.86719
6.9375
7.10156
6.65625
6.42188
6.77344
6.30469
6.84375
6.67969
7.07812
6.5625
6.46875
6.35156
6.91406
7.00781
7.05469
6.70312
6.84375
6.42188
6.04688
6.72656
6.75
6.98438
6.25781
6.51562
6.72656
6.5625
6.75
6.96094
6.60938
6.65625
6.91406
7.38281
6.67969
6.28125
6.58594
6.96094
6.58594
6.5625
7.21875
6.72656
7.35938
7.03125
6.70312
6.77344
6.84375
7.125
6.63281
6.63281
6.65625
6.72656
6.46875
7.10156
6.72656
6.58594
7.03125
6.70312
6.58594
6.75
6.21094
6.5625
6.65625
6.84375
7.05469
6.72656
6.51562
6.72656
6.98438
6.70312
6.60938
6.72656
6.67969
6.09375
6.65625
6.98438
6.91406
6.84375
6.53906
6.375
6.72656
7.10156
6.49219
6.84375
7.17188
6.72656
6.60938
7.17188
6.65625
6.9375
6.53906
6.86719
6.44531
6.1875
6.375
7.14844
6.58594
6.72656
7.05469
6.07031
6.5625
6.77344
6.82031
6.84375
6.53906
6.96094
6.79688
7.05469
7.03125
6.84375
6.84375
6.5625
6.58594
6.86719
6.98438
6.58594
6.70312
6.82031
6.89062
6.28125
7.10156
6.98438
7.21875
6.39844
7.28906
6.84375
6.60938
6.89062
6.89062
6.49219
6.44531
6.70312
7.125
7.00781
7.14844
7.17188
7.125
6.67969
7.03125
6.67969
7.03125
6.84375
6.375
7.28906
6.67969
6.44531
6.77344
6.46875
7.35938
6.14062
6.77344
7.35938
6.89062
6.70312
7.24219
6.96094
6.84375
6.98438
6.70312
6.98438
6.86719
6.75
6.53906
6.79688
6.65625
7.21875
7.21875
6.86719
6.49219
6.46875
7.07812
6.67969
6.5625
6.35156
7.28906
7.05469
6.86719
6.65625
6.51562
6.9375
6.84375
6.9375
7.03125
6.65625
6.96094
6.84375
6.46875
6.79688
6.86719
6.46875
7.24219
6.75
6.65625
6.91406
6.91406
6.70312
6.79688
6.70312
6.79688
6.63281
7.07812
7.26562
7.28906
6.07031
6.72656
6.51562
6.70312
7.10156
6.35156
7.05469
6.82031
7.21875
7.07812
6.44531
6.63281
6.82031
6.70312
6.46875
6.77344
6.70312
7.05469
6.9375
6.60938
7.21875
6.89062
6.53906
6.30469
6.58594
6.70312
6.42188
6.79688
6.77344
7.00781
6.70312
6.51562
6.91406
6.44531
6.09375
6.9375
6.96094
6.89062
6.63281
6.42188
6.89062
7.21875
6.84375
6.84375
6.5625
6.5625
6.21094
7.05469
6.89062
6.86719
7.03125
6.82031
6.23438
6.65625
6.51562
7.00781
6.60938
6.89062
6.63281
7.14844
6.84375
6.46875
6.75
6.79688
6.21094
7.19531
6.35156
6.79688
6.65625
7.00781
6.58594
7.05469
6.75
6.46875
6.86719
6.44531
6.96094
6.46875
6.58594
6.63281
6.72656
6.9375
6.46875
6.82031
6.96094
6.79688
6.89062
6.70312
6.58594
6.77344
6.70312
6.04688
6.44531
7.05469
6.89062
7.3125
6.49219
6.89062
6.96094
6.51562
6.86719
6.79688
6.42188
6.75
7.125
7.21875
7.21875
6.39844
6.98438
6.89062
6.82031
6.77344
6.82031
6.42188
6.5625
6.72656
6.91406
6.77344
6.63281
6.79688
6.58594
6.72656
7.125
6.60938
6.67969
6.42188
6.86719
6.91406
6.72656
6.5625
6.375
6.75
6.9375
6.89062
6.5625
6.79688
6.70312
7.125
6.84375
6.49219
7.00781
7.10156
6.63281
6.63281
6.5625
6.5625
6.96094
7.07812
6.82031
6.32812
6.49219
6.51562
7.125
7.03125
7.03125
7.14844
6.5625
6.42188
6.77344
7.38281
6.98438
6.58594
7.14844
6.5625
6.67969
6.75
7.35938
6.89062
6.9375
6.82031
6.98438
6.44531
7.38281
6.28125
6.51562
6.77344
6.84375
6.77344
6.65625
6.02344
6.89062
6.63281
6.44531
6.42188
6.79688
6.79688
6.89062
7.24219
6.44531
6.58594
6.75
7.19531
6.72656
7.21875
6.5625
6.75
6.63281
6.67969
6.96094
7.10156
6.5625
7.10156
6.23438
7.40625
6.70312
6.82031
7.07812
7.26562
6.84375
6.98438
7.10156
6.89062
6.84375
6.63281
6.84375
6.51562
6.60938
6.65625
6.63281
6.82031
6.53906
6.5625
6.21094
7.10156
6.77344
6.46875
6.49219
6.70312
6.67969
6.75
6.49219
6.65625
6.72656
6.82031
7.19531
6.46875
7.07812
6.60938
6.58594
6.9375
6.44531
6.65625
6.9375
6.53906
6.35156
6.84375
6.04688
6.70312
6.35156
6.96094
6.82031
7.00781
6.72656
6.96094
6.32812
6.89062
7.00781
7.05469
7.10156
6.67969
6.39844
6.67969
6.89062
6.49219
7.3125
7.26562
6.58594
6.60938
6.79688
6.77344
7.24219
6.72656
6.96094
6.96094
6.9375
6.5625
6.35156
6.70312
7.05469
7.00781
6.91406
6.5625
7.19531
6.46875
6.9375
6.77344
6.49219
6.44531
6.79688
6.51562
6.75
6.46875
6.5625
6.65625
7.03125
6.72656
7.19531
6.42188
6.70312
6.89062
6.86719
6.53906
6.63281
6.96094
6.46875
6.77344
6.98438
6.70312
6.51562
6.44531
6.44531
7.03125
7.14844
7.00781
6.51562
6.89062
6.9375
6.63281
5.95312
6.9375
6.51562
6.60938
6.91406
6.30469
6.70312
7.19531
6.75
6.96094
6.79688
6.96094
6.5625
6.65625
6.60938
6.14062
7.14844
6.60938
6.42188
6.70312
6.53906
7.00781
6.77344
6.70312
6.75
6.70312
6.86719
6.67969
7.10156
6.79688
6.96094
7.14844
7.07812
6.35156
6.72656
6.14062
6.375
6.63281
6.46875
6.23438
6.96094
6.84375
6.98438
6.82031
6.96094
6.51562
6.79688
6.77344
6.49219
6.72656
6.53906
6.89062
6.30469
7.26562
6.63281
6.91406
6.25781
6.67969
6.84375
7.05469
7.03125
7.00781
6.72656
7.07812
6.58594
6.67969
7.26562
6.82031
6.89062
6.79688
6.86719
6.84375
6.84375
6.58594
7.00781
6.77344
6.49219
6.91406
6.07031
6.49219
6.86719
6.89062
6.53906
6.58594
6.75
6.67969
6.35156
6.51562
6.96094
6.84375
6.89062
6.46875
7.03125
6.77344
6.86719
7.05469
7.21875
6.77344
6.42188
6.67969
6.86719
6.60938
6.9375
7.24219
6.84375
6.70312
6.63281
6.39844
6.63281
6.375
6.49219
6.91406
6.63281
6.82031
6.60938
6.65625
6.96094
6.63281
7.10156
6.67969
6.60938
6.86719
7.24219
6.96094
6.86719
6.25781
7.14844
6.70312
6.39844
6.49219
6.75
6.5625
7.19531
7.14844
6.72656
6.70312
6.42188
6.98438
6.86719
6.91406
6.84375
6.60938
6.72656
6.98438
6.86719
6.77344
6.46875
7.21875
6.39844
6.23438
7.07812
5.74219
6.89062
6.67969
6.51562
6.63281
7.24219
7.17188
6.75
6.84375
6.60938
6.65625
6.75
6.51562
6.84375
7.05469
6.30469
7.05469
6.84375
6.77344
6.9375
7.28906
6.84375
6.35156
6.84375
7.00781
6.70312
6.98438
6.58594
7.125
6.82031
6.84375
7.10156
6.91406
6.51562
6.25781
6.75
6.35156
6.82031
6.63281
6.375
6.70312
6.98438
6.42188
6.86719
7.19531
6.72656
6.84375
6.44531
6.58594
6.77344
6.375
6.86719
6.63281
6.60938
6.53906
6.96094
6.82031
7.24219
6.86719
6.82031
6.67969
6.67969
6.75
6.14062
6.32812
7.03125
6.70312
6.82031
6.23438
6.60938
6.67969
7.10156
7.03125
6.86719
6.46875
6.82031
6.51562
6.82031
6.72656
6.75
7.05469
7.125
6.58594
7.35938
6.1875
6.70312
6.375
6.28125
6.96094
6.65625
6.53906
6.77344
7.35938
6.60938
6.60938
6.49219
6.70312
6.21094
6.82031
6.86719
7.14844
7.00781
6.91406
6.375
6.72656
6.96094
6.86719
6.51562
6.75
6.75
6.70312
7.24219
6.58594
6.39844
6.72656
6.75
7.3125
6.72656
6.75
6.51562
6.53906
6.5625
6.72656
7.03125
6.5625
6.46875
6.5625
6.77344
7.17188
6.75
6.72656
6.72656
6.58594
6.9375
7.26562
6.91406
6.60938
6.58594
6.89062
6.51562
6.39844
6.75
6.46875
7.03125
6.39844
7.14844
6.86719
6.72656
6.60938
6.63281
6.84375
6.96094
6.44531
6.39844
6.5625
6.75
6.51562
6.65625
6.72656
6.89062
6.51562
6.89062
6.51562
6.70312
6.16406
6.9375
6.65625
6.86719
6.16406
6.91406
5.95312
6.49219
7.24219
6.58594
7.35938
6.32812
6.91406
6.72656
6.49219
6.63281
6.70312
7.19531
6.75
6.5625
6.77344
6.79688
6.72656
7.07812
6.82031
6.77344
6.39844
6.70312
7.47656
6.58594
6.96094
6.42188
6.58594
6.89062
6.77344
6.86719
7.21875
6.84375
6.75
7.00781
6.77344
6.77344
6.60938
6.77344
6.65625
6.77344
6.28125
6.70312
6.77344
7.14844
6.39844
6.89062
6.72656
6.98438
6.65625
6.89062
6.96094
6.53906
6.79688
6.51562
6.32812
6.60938
6.79688
6.96094
6.58594
6.75
6.82031
6.44531
6.96094
6.5625
6.72656
6.46875
6.63281
6.75
6.58594
6.72656
6.79688
7.42969
6.96094
6.70312
6.5625
6.53906
6.60938
6.67969
6.49219
6.77344
6.39844
6.65625
6.77344
6.86719
6.14062
7.00781
6.46875
6.58594
6.32812
6.77344
6.67969
6.5625
6.89062
7.00781
6.35156
6.51562
6.39844
6.58594
6.82031
6.86719
6.58594
6.53906
6.86719
6.96094
6.86719
6.51562
6.91406
6.86719
6.58594
6.98438
6.65625
6.32812
6.32812
6.25781
6.44531
7.125
6.9375
6.70312
6.32812
6.79688
6.75
6.5625
6.72656
6.60938
6.89062
6.60938
6.96094
7.28906
6.70312
6.65625
6.75
6.65625
6.9375
6.72656
6.9375
7.00781
7.05469
6.49219
6.70312
6.72656
5.97656
6.98438
6.42188
6.32812
6.89062
6.75
6.49219
6.82031
7.28906
6.49219
6.77344
6.63281
6.70312
6.58594
7.125
7.24219
6.5625
7.14844
6.65625
6.39844
6.91406
6.63281
6.51562
7.28906
6.53906
6.79688
7.125
6.65625
6.82031
6.46875
7.24219
6.96094
6.46875
6.96094
6.63281
6.5625
6.70312
6.91406
6.58594
7.14844
7.05469
6.77344
6.9375
6.96094
6.89062
6.5625
6.91406
6.77344
6.79688
6.98438
6.98438
6.39844
6.51562
7.05469
6.79688
6.91406
6.89062
6.84375
6.58594
6
7.35938
6.89062
6.70312
6.63281
6.86719
7.07812
6.89062
7.125
6.75
6.49219
6.67969
6.60938
6.35156
6.04688
6.98438
6.72656
6.42188
6.51562
6.84375
6.375
6.82031
6.60938
6.91406
6.375
6.67969
7.10156
6.51562
6.67969
7.03125
6.72656
6.82031
7.24219
6.44531
6.39844
6.72656
6.82031
6.75
6.79688
6.9375
6.65625
6.46875
7.17188
0
0
0
0
0
0
0
0
0
0
0
0
0
0
0
0
0
0
0
0
0
0
0
0
0
0
0
0
0
0
0
0
0
0
0
0
0
0
0
0
0
0
0
0
0
0
0
0
0
0
0
0
0
0
0
0
0
0
0
0
0
0
0
0
0
0
0
0
0
0
0
0
0
0
0
0
0
0
0
0
0
0
0
0
0
0
0
0
0
0
0
0
0
0
0
0
0
0
0
0
0
0
0
0
0
0
0
0
0
0
0
0
0
0
0
0
0
0
0
0
0
0
0
0
0
0
0
0
0
0
0
0
0
0
0
0
0
0
0
0
0
0
0
0
0
0
0
0
0
0
0
0
0
0
0
0
0
0
0
0
0
0
0
0
0
0
0
0
0
0
0
0
0
0
0
0
0
0
0
0
0
0
0
0
0
0
0
0
0
0
0
0
0
0
0
0
0
0
0
0
0
0
0
0
0
0
0
0
0
0
0
0
0
0
0
0
0
0
0
0
0
0
0
0
0
0
0
0
0
0
0
0
0
0
0
0
0
0
0
0
0
0
0
0
0
0
0
0
0
0
0
0
0
0
0
0
0
0
0
0
0
0
0
0
0
0
0
0
0
0
0
0
0
0
0
0
0
0
0
0
0
0
0
0
0
0
0
0
0
0
0
0
0
0
0
0
0
0
0
0
0
0
0
0
0
0
0
0
0
0
0
0
0
0
0
0
0
0
0
0
0
0
0
0
0
0
0
0
0
0
0
0
0
0
0
0
0
0
0
0
0
0
0
0
0
0
0
0
0
0
0
0
0
0
0
0
0
0
0
0
0
0
0
0
0
0
0
0
0
0
0
0
0
0
0
0
0
0
0
0
0
0
0
0
0
0
0
0
0
0
0
0
0
0
0
0
0
0
0
0
0
0
0
0
0
0
0
0
0
0
0
0
0
0
0
0
0
0
0
0
0
0
0
0
0
0
0
0
0
0
0
0
0
0
0
0
0
0
0
0
0
0
0
0
0
0
0
0
0
0
0
0
0
0
0
0
0
0
0
0
0
0
0
0
0
0
0
0
0
0
0
0
0
0
0
0
0
0
0
0
0
0
0
0
0
0
0
0
0
0
0
0
0
0
0
0
0
0
0
0
0
0
0
0
0
0
0
0
0
0
0
0
0
0
0
0
0
0
0
0
0
0
0
0
0
0
0
0
0
0
0
0
0
0
0
0
0
0
0
0
0
0
0
0
0
0
0
0
0
0
0
0
0
0
0
0
0
0
0
0
0
0
0
0
0
0
0
0
0
0
0
0
0
0
0
0
0
0
0
0
0
0
0
0
0
0
0
0
0
0
0
0
0
0
0
0
0
0
0
0
0
0
0
0
0
0
0
0
0
0
0
0
0
0
0
0
0
0
0
0
0
0
0
0
0
0
0
0
0
0
0
0
0
0
0
0
0
0
0
0
0
0
0
0
0
0
0
0
0
0
0
0
0
0
0
0
0
0
0
0
0
0
0
0
0
0
0
0
0
0
0
0
0
0
0
0
0
0
0
0
4.65702e+033
0
0
0
0
0
0
0
0
0
0
0
0
0
0
0
0
0
0
0
0
0
0
0
0
0
0
0
0
0
0
0
0
0
0
0
0
0
0
0
0
0
0
0
0
0
0
0
0
0
0
0
0
0
0
0
0
0
0
0
0
0
0
0
0
0
0
0
0
0
0
0
0
0
0
0
0
0
0
0
0
0
0
0
0
0
0
0
0
0
0
0
0
0
0
0
0
0
0
0
0
0
0
0
0
0
0
0
0
0
0
0
0
0
0
0
0
0
0
0
0
0
0
0
0
0
0
0
0
0
0
0
0
0
0
0
0
0
0
0
0
0
0
0
0
0
0
0
0
0
0
0
0
0
0
0
0
0
0
0
0
0
0
0
0
0
0
0
0
0
0
0
0
0
0
0
0
0
0
0
0
0
0
0
0
0
0
0
0
0
0
0
0
0
0
0
0
0
0
0
0
0
0
0
0
0
0
0
0
0
0
0
0
0
0
0
0
0
0
0
0
0
0
0
0
0
0
0
0
0
0
0
0
0
0
0
0
0
0
0
0
0
0
4.577e+033
4.73808e+033
9.5407e-039
1.4013e-045
4.7381e+033
0
3.36312e-044
0
4.44415e+033
8.96831e-044
0
0
0
0
0
0
0
4.65677e+033
0
0
0
0
-9.74863e+008
9.54882e-039
4.65609e+033
4.53438e-039
4.44185e+033
4.6561e+033
0
0
0
0
4.53438e-039
2.35099e-038
0
0
0
0
0
0
0
0
0
0
9.54926e-039
0
0
0
0
0
0
0
0
0
0
0
0
0
9.54924e-039
9.54923e-039
0
0
4.44185e+033
0
9.54915e-039
0
0
0
0
0
0
0
0
0
0
0
0
0
0
0
0
0
0
0
0
0
0
0
0
0
0
0
0
0
0
0
0
0
0
0
0
0
0
0
0
0
0
0
0
0
0
0
0
0
0
0
0
0
0
0
0
0
0
0
0
0
0
0
0
0
0
0
0
0
0
0
0
0
0
0
0
0
0
0
0
0
0
0
0
0
0
0
0
0
0
0
0
0
0
0
0
0
0
0
0
0
0
0
0
0
0
0
0
0
0
0
0
0
0
0
0
0
0
0
0
0
0
0
0
0
0
0
0
0
0
0
0
0
0
0
0
0
0
0
0
0
9.54184e-039
4.58388e+033
9.54194e-039
9.18708e-040
9.18355e-040
2.8026e-045
1.26117e-044
0
2.8026e-045
9.54218e-039
0
4.53629e+033
9.54218e-039
9.29364e-040
2.73533e-042
-7.36325e+031
9.2924e-040
9.18355e-040
0
4.53613e+033
9.5423e-039
9.26729e-040
0
2.3511e-038
0
1.8329e-041
3.30706e-043
0
2.8026e-045
0
-9.74462e+008
9.54212e-039
4.53582e+033
9.5423e-039
9.54218e-039
9.5421e-039
9.5421e-039
9.54204e-039
9.54205e-039
0
9.54246e-039
4.53586e+033
0
0
0
0
9.26729e-040
4.53438e-039
2.73533e-042
4.5516e-039
3.36312e-044
4.2039e-045
0
2.8026e-045
4.2039e-045
2.8026e-045
-7.36325e+031
1.4013e-045
-9.74457e+008
0
9.5424e-039
4.53543e+033
4.2039e-045
0
2.8026e-045
9.5423e-039
9.54218e-039
0
0
4.53546e+033
4.53399e+033
-9.74554e+008
2.24208e-044
1.08366e-038
9.54292e-039
0
0
0
0
0
0
0
0
0
0
0
0
4.0574e+031
9.54376e-039
4.0574e+031
1.4013e-045
0
2.35099e-038
9.54374e-039
0
0
9.54252e-039
0
0
0
0
1.83671e-040
9.54238e-039
2.66807e-042
9.54238e-039
1.0858e-038
2.8026e-045
nan
nan
9.54293e-039
0
1.08383e-038
9.54262e-039
0
6.16571e-044
9.54373e-039
4.49996e-039
4.53526e+033
1.77965e-043
2.35099e-038
1.08366e-038
9.54374e-039
0
1.77965e-043
1.77965e-043
1.08369e-038
0
0
0
0
0
1.4013e-044
9.54266e-039
6.474e-043
9.54258e-039
3.11877e+032
9.54257e-039
2.97793e+032
9.54257e-039
9.54415e-039
4.577e+033
3.11872e+032
9.54415e-039
1.83706e-040
9.54263e-039
9.54512e-039
3.11873e+032
0
0
1.32245e-038
9.54266e-039
3.36312e-044
0
9.54262e-039
8.96831e-044
0
0
7.53064e-039
9.4592e-039
1.05612e-038
1.04694e-038
8.44904e-039
8.90815e-039
9.55103e-039
1.01021e-038
8.44901e-039
1.11122e-038
1.06531e-038
1.00102e-038
6.15311e-039
1.04694e-038
9.27554e-039
1.06531e-038
1.01938e-038
1.06531e-038
1.01939e-038
7.6225e-039
1.06531e-038
6.15311e-039
1.01021e-038
1.04694e-038
9.91839e-039
7.1633e-039
1.05612e-038
7.62248e-039
1.04694e-038
9.64289e-039
9.45921e-039
7.89798e-039
1.04694e-038
9.64289e-039
1.01021e-038
1.61149e-043
9.26729e-040
1.4013e-044
2.3511e-038
5.46506e-044
1.8329e-041
3.30706e-043
0
2.8026e-045
9.54415e-039
-9.74564e+008
9.54308e-039
4.53582e+033
9.54326e-039
9.54315e-039
9.54307e-039
9.54306e-039
9.54301e-039
9.54302e-039
0
9.54342e-039
4.53586e+033
4.52542e+033
-9.7418e+008
0
0
9.26729e-040
4.53438e-039
2.73533e-042
4.5516e-039
3.36312e-044
4.2039e-045
0
2.8026e-045
4.2039e-045
2.8026e-045
1.33525e-037
1.4013e-045
-9.74563e+008
9.54417e-039
9.54336e-039
4.53543e+033
4.2039e-045
0
2.8026e-045
9.54326e-039
9.54315e-039
0
0
4.53546e+033
4.53399e+033
8.96831e-044
0
0
0
0
0
0
0
0
0
0
0
0
0
0
0
1.96182e-044
9.54474e-039
0
1.4013e-045
0
2.351e-038
9.5447e-039
1.4013e-045
0
9.54349e-039
1.56945e-043
0
2.35099e-038
3.5621e+033
1.83671e-040
9.54335e-039
9.54335e-039
9.54335e-039
2.8026e-045
2.8026e-045
0
-9.74527e+008
9.54389e-039
0
4.53522e+033
9.54359e-039
0
6.16571e-044
9.54469e-039
4.49998e-039
4.53526e+033
1.77965e-043
2.35115e-038
2.351e-038
9.5447e-039
0
1.77965e-043
0
0
0
2.35099e-038
0
0
0
9.45908e-039
0
1.17549e-038
9.54369e-039
0
1.77965e-043
7.17465e-043
1.77965e-043
0
1.4013e-045
2.36936e-038
9.5441e-039
2.93874e-039
9.54365e-039
9.54365e-039
9.54365e-039
4.48416e-044
4.48416e-044
1.08577e-038
0
0
0
0
0
0
0
0
0
0
0
0
1.08616e-038
3.67342e-039
1.08616e-038
0
9.18355e-041
2.8026e-045
0
4.34403e-044
0
0
2.8026e-045
2.22386e-042
1.08374e-038
1.08374e-038
nan
1.02856e-038
4.13274e-039
9.54621e-039
4.58731e+033
-0.000218653
nan
1.08576e-038
1.08616e-038
4.52617e+033
3.36312e-044
1.08375e-038
4.5261e+033
-9.74651e+008
9.54632e-039
9.5447e-039
0
0
1.08576e-038
1.08577e-038
1.08613e-038
1.08576e-038
1.3129e-039
0
4.52294e+033
9.54506e-039
1.08577e-038
1.4013e-045
1.33525e-037
4.48416e-044
1.08616e-038
4.79632e+033
9.54506e-039
0
-9.74641e+008
1.33525e-037
9.54623e-039
4.52595e+033
4.52542e+033
-9.74134e+008
3.55992e+033
1.23314e-043
4.52545e+033
9.54394e-039
1.17709e-043
9.54449e-039
1.06499e-043
1.5134e-043
0
3.67342e-039
4.51033e+033
1.08576e-038
0
0
1.98365e-038
4.57702e+033
3.11884e+032
2.9147e-043
9.54411e-039
1.4013e-045
9.54421e-039
7.45491e-043
9.54413e-039
9.54512e-039
9.5453e-039
9.54505e-039
9.54513e-039
9.54424e-039
9.54505e-039
2.94273e-044
2.24208e-044
7.00649e-045
5.5175e-040
9.54502e-039
3.11845e+032
1.12104e-044
9.54513e-039
0
3.11845e+032
0
9.5447e-039
5.73972e-042
9.54512e-039
0
9.54421e-039
0
1.4013e-045
3.36312e-044
2.52234e-044
0
0
4.40817e-039
4.95918e-039
4.59184e-039
6.33672e-039
0
0
0
0
0
0
0
0
0
0
0
0
3.58732e-043
0
nan
3.58732e-043
9.54456e-039
2.97787e+032
0
9.54451e-039
6.474e-043
9.54443e-039
3.11877e+032
9.54442e-039
2.97794e+032
9.54442e-039
9.546e-039
4.577e+033
3.11872e+032
9.546e-039
1.83706e-040
9.54448e-039
1.18913e-039
3.11873e+032
0
0
1.28572e-038
9.54451e-039
3.36312e-044
0
9.54447e-039
8.96831e-044
0
0
7.53064e-039
9.4592e-039
1.05612e-038
1.04694e-038
8.44904e-039
8.90815e-039
9.55103e-039
1.01021e-038
8.44901e-039
1.11122e-038
1.06531e-038
1.00102e-038
6.15311e-039
1.04694e-038
9.27554e-039
1.06531e-038
1.01938e-038
1.06531e-038
1.01939e-038
7.6225e-039
1.06531e-038
6.15311e-039
1.01021e-038
1.04694e-038
9.91839e-039
7.1633e-039
1.05612e-038
6.33678e-039
1.06531e-038
1.0102e-038
9.27553e-039
6.97964e-039
9.09187e-039
9.91837e-039
1.41531e-043
3.58164e-039
3.76531e-039
3.94899e-039
4.13266e-039
4.31633e-039
4.50001e-039
4.68368e-039
4.86735e-039
5.05103e-039
5.2347e-039
5.41838e-039
5.60205e-039
5.78572e-039
5.9694e-039
6.15307e-039
6.33674e-039
6.52042e-039
6.70409e-039
6.88777e-039
7.07144e-039
7.25511e-039
7.43879e-039
7.62246e-039
7.80613e-039
7.98981e-039
8.17348e-039
8.35716e-039
8.54083e-039
8.7245e-039
5.96944e-039
6.15307e-039
6.33674e-039
6.52042e-039
6.70409e-039
6.88777e-039
7.07144e-039
7.25511e-039
7.43879e-039
7.62246e-039
7.80613e-039
7.98981e-039
8.17348e-039
1.12959e-038
1.14796e-038
1.16633e-038
1.18585e-038
5.33107e-038
1.40714e-019
1.36479e-019
1.49087e-019
1.56706e-019
1.29493e-038
1.3133e-038
1.28751e-019
1.32243e-019
1.37326e-019
1.25467e-019
5.48915e-019
1.57553e-019
1.44186e-038
4.55515e-038
1.47857e-038
1.49694e-038
1.51531e-038
1.53368e-038
1.55204e-038
1.57041e-038
1.58878e-038
1.60715e-038
1.62551e-038
1.64388e-038
1.66225e-038
1.68062e-038
1.69898e-038
9.54526e-039
6.474e-043
9.54518e-039
3.11877e+032
1.08366e-038
4.53279e+033
1.08614e-038
0
4.53399e+033
-9.74172e+008
8.40779e-044
1.08366e-038
9.54591e-039
1.50463e-036
3.11873e+032
0
0
9.40396e-038
9.54526e-039
2.40785e-035
0
4.03898e-028
8.96831e-044
0
0
9.40396e-038
9.4592e-039
2.40785e-035
1.04694e-038
8.44904e-039
8.90815e-039
9.55103e-039
4.53399e+033
-9.74149e+008
1.42932e-043
1.08366e-038
9.54605e-039
6.01853e-036
1.04694e-038
2.8026e-045
nan
9.40396e-038
nan
2.40785e-035
7.6225e-039
6.46236e-027
nan
1.01021e-038
1.04694e-038
9.40396e-038
7.1633e-039
2.40785e-035
6.33678e-039
1.06531e-038
1.0102e-038
9.27553e-039
5.60519e-045
1.08375e-038
1.08366e-038
1.41531e-043
3.94899e-039
0
1.82169e-044
4.2039e-045
nan
7.00649e-045
nan
1.08622e-038
5.41838e-039
1.68156e-044
nan
5.9694e-039
1.00893e-043
1.08383e-038
5.60519e-045
5.60519e-045
1.82169e-044
0
1.4013e-045
7.43879e-039
7.00649e-045
1.08375e-038
1.08366e-038
1.26117e-044
8.35716e-039
1.77965e-043
2.66247e-044
1.08369e-038
1.08375e-038
9.27553e-039
2.24208e-044
0
2.35102e-038
1.08366e-038
1.08614e-038
4.4265e-038
1.56945e-043
0
7.00649e-045
7.00649e-045
2.66247e-044
0
1.4013e-045
1.18585e-038
2.36936e-038
4.59183e-040
1.08575e-038
1.96182e-044
0
1.29493e-038
1.4013e-045
6.01853e-036
1.0861e-038
1.08374e-038
2.8026e-044
5.48915e-019
2.35109e-038
1.08366e-038
1.08622e-038
4.21111e-038
0
9.5459e-039
7.00649e-045
8.40779e-044
1.08622e-038
2.8026e-045
1.08622e-038
1.18913e-039
9.19644e-041
7.00649e-045
1.0861e-038
7.00649e-045
0
8.77542e-039
1.0861e-038
7.00649e-045
1.08374e-038
1.08374e-038
nan
9.54595e-039
3.64338e-043
9.55082e-039
4.58731e+033
-0.000218653
nan
9.54604e-039
4.53049e+033
1.42932e-043
1.56945e-043
1.08376e-038
9.546e-039
1.28919e-043
1.08366e-038
6.44597e-044
1.56945e-043
1.08374e-038
0
4.2039e-045
0
1.42932e-043
0
1.08622e-038
0
9.54609e-039
4.53036e+033
9.54622e-039
4.53036e+033
0
0
0
9.54707e-039
1.28919e-043
9.54696e-039
4.53014e+033
1.08622e-038
9.54622e-039
1.28919e-043
9.54817e-039
1.08609e-038
4.53019e+033
nan
1.28919e-043
9.5462e-039
1.08622e-038
9.99181e-038
9.54709e-039
4.44327e+033
0
0
9.99181e-038
9.54622e-039
2.8026e-045
9.54712e-039
2.8026e-045
0
5.32655e-039
6.24494e-039
9.09187e-039
4.53399e+033
-9.74252e+008
7.28675e-044
1.08366e-038
9.54698e-039
1.02857e-038
9.27555e-039
1.09285e-038
1.04694e-038
9.40396e-038
8.9082e-039
2.40785e-035
7.62248e-039
6.46236e-027
9.91838e-039
7.71429e-039
6.24494e-039
9.40396e-038
9.45922e-039
2.40785e-035
0
0
0
0
0
0
0
0
0
0
0
1.26117e-044
nan
1.54143e-044
nan
1.08622e-038
0
8.40779e-045
nan
-9.74251e+008
1.08622e-038
1.08383e-038
1.08622e-038
0
0
0
0
9.40396e-038
1.54143e-044
1.08375e-038
1.08366e-038
6.01853e-036
0
1.77965e-043
2.66247e-044
1.08369e-038
1.08375e-038
0
0
0
0
2.38221e-044
nan
0
8.96831e-044
0
1.54143e-044
2.8026e-044
2.66247e-044
0
1.4013e-045
1.08375e-038
0
1.83689e-039
0
1.12104e-044
0
1.08622e-038
1.4013e-045
6.46236e-027
1.0861e-038
0
6.16571e-044
2.8026e-044
2.35119e-038
1.08366e-038
1.08622e-038
2.35099e-038
0
1.83671e-039
1.54143e-044
0
1.08622e-038
1.10203e-039
1.08622e-038
0
9.18915e-041
2.8026e-045
0
1.54143e-044
0
2.8026e-044
4.2039e-045
1.54143e-044
1.08374e-038
1.08374e-038
nan
2.66247e-044
2.66247e-044
9.55082e-039
4.58731e+033
-0.000218653
nan
9.54697e-039
4.53049e+033
7.28675e-044
8.96831e-044
1.08376e-038
9.54693e-039
3.19496e-043
1.08622e-038
4.55533e+033
8.96831e-044
1.08374e-038
0
4.2039e-045
0
7.28675e-044
1.10203e-039
1.08622e-038
9.54817e-039
9.54702e-039
4.53036e+033
9.54817e-039
-9.7425e+008
1.10203e-039
9.54703e-039
4.55994e+033
1.08622e-038
0
0
-9.74252e+008
9.54807e-039
3.10625e+032
1.08622e-038
2.3427e-038
0
3.10625e+032
2.93878e-039
3.19496e-043
9.00002e-039
1.08622e-038
1.83674e-040
1.08623e-038
1.08622e-038
4.2245e-039
8.63267e-039
1.08609e-038
0
0
0
0
9.54817e-039
0
1.34525e-043
3.36312e-044
0
9.54707e-039
8.96831e-044
0
0
0
0
-2.31659e+026
7.82364e-038
1.53476e+028
7.82837e-038
1.53476e+028
7.82837e-038
1.53476e+028
7.82837e-038
0
0
0
0
2.24208e-044
2.8026e-045
0
0
0
0
0
0
0
4.22443e-039
1.15714e-038
2.91383e-019
1.08383e-038
1.33836e-019
1.35632e-019
2.91119e-037
4.11654e-038
3.8594e-038
4.64692e-038
7.00649e-045
1.08375e-038
1.08366e-038
1.2462e-019
3.23445e-037
1.77965e-043
2.52234e-044
1.08369e-038
1.08375e-038
1.48776e-038
1.50612e-038
0
1.54286e-038
1.56123e-038
1.57959e-038
1.59796e-038
1.45735e-043
0
4.52929e+033
-9.74204e+008
1.08609e-038
1.08366e-038
1.08609e-038
1.7449e-038
1.76327e-038
1.74514e-039
1.8e-038
9.40396e-038
1.83674e-038
2.40785e-035
1.4013e-045
2.46519e-032
1.08575e-038
6.01853e-036
2.8026e-044
1.96531e-038
2.35105e-038
1.08366e-038
1.08609e-038
8.15512e-038
0
2.24208e-044
nan
nan
4.53399e+033
-9.7432e+008
5.73972e-042
1.08366e-038
9.54837e-039
2.40785e-035
0
2.40785e-035
0
9.40396e-038
4.2039e-045
2.40785e-035
1.08374e-038
1.08609e-038
nan
-1.62274e+032
1.4013e-045
9.40396e-038
2.52234e-044
2.40785e-035
1.08376e-038
1.4013e-045
1.77965e-043
2.52234e-044
0
1.83771e-039
9.54781e-039
9.54808e-039
1.08609e-038
nan
nan
3.41917e-043
nan
3.44719e-043
4.2039e-045
1.08709e-038
nan
7.16064e-043
nan
9.54789e-039
4.52298e+033
9.54874e-039
2.52234e-044
2.52234e-044
2.52234e-044
1.08374e-038
1.08369e-038
2.38713e-038
1.77965e-043
1.08366e-038
1.08366e-038
9.55082e-039
4.58731e+033
1.77965e-043
1.77965e-043
1.08369e-038
2.34181e-038
4.53279e+033
2.34262e-038
0
4.53399e+033
-9.74307e+008
3.0268e-043
2.34181e-038
9.54871e-039
2.84253e-014
1.77965e-043
2.84253e-014
-9.74311e+008
1.54075e-033
1.4013e-045
2.84253e-014
0
2.40741e-035
0
1.77965e-043
9.548e-039
1.54075e-033
1.4013e-045
2.84253e-014
1.08653e-038
-1.05881e-022
7.1186e-043
3.10339e+032
2.3688e-038
1.08366e-038
1.08709e-038
9.37078e-038
0
nan
nan
2.0459e-043
4.52929e+033
-9.74307e+008
2.34265e-038
2.34181e-038
2.34265e-038
2.84253e-014
nan
2.84253e-014
nan
1.54075e-033
1.08939e-038
2.84253e-014
1.08374e-038
1.08374e-038
nan
-1.05881e-022
1.77965e-043
9.5485e-039
2.34181e-038
-0.000218653
nan
nan
nan
2.43826e-043
nan
3.92364e-044
1.77965e-043
0
1.08366e-038
5.74532e-044
2.34181e-038
3.92364e-044
3.13891e-043
2.3419e-038
1.77965e-043
1.77965e-043
1.77965e-043
0
1.4013e-045
2.34265e-038
2.17201e-043
2.04226e-036
1.4013e-045
0
1.77965e-043
1.77965e-043
2.34191e-038
1.4013e-045
1.77965e-043
1.49799e-042
0
2.03365e-036
2.35099e-038
2.34181e-038
2.34265e-038
0
2.34288e-038
9.54881e-039
2.34634e-038
2.38141e-038
1.49799e-042
7.1186e-043
2.34634e-038
2.84253e-014
2.56438e-043
2.34268e-038
0
0
1.77965e-043
1.77965e-043
2.56438e-043
2.34189e-038
2.34183e-038
2.36953e-038
1.77965e-043
9.18355e-040
2.8026e-045
9.5488e-039
4.58731e+033
-0.000218654
nan
9.54871e-039
4.52742e+033
0
4.52741e+033
1.46728e+029
1.48658e+029
3.11086e+032
2.34262e-038
2.34201e-038
3.4351e+033
2.34262e-038
1.4013e-045
9.54905e-039
9.54905e-039
nan
1.12104e-044
1.08596e-038
9.54905e-039
1.4013e-045
0
3.0268e-043
9.54882e-039
3.41637e+033
2.34181e-038
0
3.41638e+033
1.82503e-037
2.34268e-038
2.34265e-038
0
1.12104e-044
3.41706e+033
1.82504e-037
1.46728e+029
9.54874e-039
0
9.54895e-039
3.44374e+033
2.24487e+032
nan
3.41638e+033
3.43416e+033
2.34265e-038
3.55674e+033
2.34262e-038
0
9.54888e-039
3.43541e+033
9.54888e-039
3.45665e+033
3.55477e+033
9.54897e-039
3.43553e+033
1.68156e-044
3.43554e+033
1.82505e-037
1.46728e+029
1.48658e+029
1.48684e+029
1.48684e+029
1.46728e+029
1.48334e+029
1.48687e+029
1.46869e+029
1.4296e+029
1.48637e+029
1.4013e-045
1.48637e+029
2.34197e-038
4.53399e+033
-9.74375e+008
7.28675e-044
2.34181e-038
9.54973e-039
2.84253e-014
9.54904e-039
2.84253e-014
1.48687e+029
6.01853e-036
1.48688e+029
2.84253e-014
1.46794e+029
2.84253e-014
1.48636e+029
1.46728e+029
1.48637e+029
6.01853e-036
1.48683e+029
2.84253e-014
1.46741e+029
1.48684e+029
1.48684e+029
6.44597e-044
1.46868e+029
1.48687e+029
1.46869e+029
3.64338e-044
1.44502e+029
nan
nan
9.24857e-044
nan
9.94922e-044
nan
2.34277e-038
1.42511e+029
4.2039e-045
nan
1.31655e-039
1.48637e+029
2.34197e-038
1.48683e+029
9.5494e-039
1.46857e+029
9.54929e-039
1.48637e+029
1.49006e+029
9.94922e-044
2.3419e-038
2.34181e-038
0
1.42503e+029
1.77965e-043
1.10703e-043
2.34183e-038
2.3419e-038
0
1.4867e+029
1.4013e-045
1.48979e+029
1.48643e+029
1.48648e+029
1.48647e+029
8.96831e-044
0
9.94922e-044
1.77965e-043
1.10703e-043
0
1.4013e-045
1.49007e+029
1.4867e+029
2.04169e-036
1.4867e+029
1.12104e-044
1.42469e+029
1.48637e+029
1.4013e-045
2.84253e-014
2.3429e-038
8.40779e-045
3.97969e-043
8.40779e-045
2.35099e-038
2.34181e-038
2.34277e-038
8.71039e-038
0
1.48698e+029
9.94922e-044
9.54956e-039
2.34277e-038
2.8026e-045
2.34277e-038
1.49007e+029
9.18355e-041
7.00649e-045
0
9.80909e-045
0
9.54961e-039
4.2039e-045
9.94922e-044
2.34189e-038
2.34189e-038
nan
1.12104e-044
2.34225e-038
9.55082e-039
4.58731e+033
-0.000218653
nan
9.54971e-039
4.53049e+033
7.28675e-044
8.96831e-044
2.3419e-038
9.54968e-039
5.88422e-039
2.34181e-038
nan
8.96831e-044
2.34189e-038
0
4.2039e-045
0
7.28675e-044
0
2.34277e-038
1.4013e-045
9.54976e-039
4.53036e+033
7.28675e-044
4.53036e+033
0
0
7.28675e-044
9.55049e-039
9.5498e-039
3.41653e+033
2.34181e-038
0
7.28675e-044
5.88422e-039
7.28675e-044
2.34277e-038
