1.82812
2.17969
2.625
3.32812
3.375
3.9375
4.00781
5.01562
4.61719
5.25
5.17969
5.0625
5.29688
5.46094
5.39062
5.71875
5.83594
5.69531
5.48438
5.76562
6.02344
5.78906
5.46094
6
6.1875
6.11719
5.64844
6.375
5.88281
6.30469
6
6.30469
6.09375
5.95312
6.70312
6.32812
5.8125
6.63281
6.25781
6.82031
6.67969
6.42188
6.65625
6.1875
6.04688
6.5625
6.14062
7.05469
6.60938
6.28125
6.67969
6.5625
6.16406
6.49219
6.16406
6.5625
6.30469
6.16406
6.25781
6.14062
6.30469
6.49219
6.65625
6.84375
6.65625
6.70312
6.60938
6.67969
6.63281
7.125
6.9375
6.58594
6.375
6.32812
6.58594
6.49219
6.44531
6.35156
6.32812
6.72656
6.44531
7.00781
6.11719
5.78906
7.14844
6.67969
6.49219
6.70312
6.9375
6.9375
6.39844
7.40625
6.91406
6.44531
6.91406
6.5625
7.00781
6.86719
6.70312
6.70312
6.79688
7.26562
6.1875
6.98438
7.14844
6.82031
6.77344
6.51562
7.10156
6.72656
6.67969
6.9375
7.05469
6.30469
6.89062
6.28125
7.21875
6.375
6.65625
6.63281
6.86719
6.65625
6.72656
7.14844
7.14844
6.58594
6.75
7.24219
7.10156
6.84375
6.58594
7.28906
7.35938
7.17188
6.63281
6.72656
6.75
6.86719
7.19531
6.58594
6.9375
6.91406
6.89062
6.89062
6.5625
6.5625
6.72656
6.67969
6.89062
6.30469
6.5625
6.70312
6.9375
6.63281
6.79688
7.00781
6.65625
6.32812
6.67969
6.84375
7.00781
6.60938
6.96094
6.9375
7.21875
6.75
6.91406
6.82031
7.17188
7.3125
6.89062
7.03125
6.58594
6.49219
6.5625
6.65625
7.125
7.07812
6.60938
6.96094
6.96094
6.77344
7.45312
6.77344
7.35938
7.14844
6.79688
7.42969
6.9375
6.86719
7.42969
6.60938
6.63281
6.39844
6.86719
7.00781
6.39844
6.9375
7.05469
7.14844
6.9375
6.91406
7.40625
7.125
6.84375
7.00781
6.9375
6.67969
6.77344
6.51562
7.14844
6.86719
6.72656
6.82031
6.84375
6.9375
7.21875
6.53906
6.60938
7.17188
6.98438
6.65625
7.24219
7.00781
6.58594
6.86719
7.03125
7.03125
6.53906
6.51562
7.125
7.42969
6.89062
6.58594
7.19531
6.91406
6.375
6.86719
6.46875
6.86719
6.86719
7.38281
6.91406
6.70312
6.91406
6.91406
6.60938
6.70312
6.98438
7.05469
6.5625
6.53906
6.63281
7.19531
7.66406
6.65625
7.05469
7.21875
6.96094
6.77344
7.00781
6.91406
6.84375
6.53906
6.9375
6.9375
6.5625
7.19531
7.03125
6.70312
6.9375
6.91406
6.82031
7.45312
6.5625
6.65625
7.14844
6.82031
6.91406
6.1875
7.03125
7.10156
6.86719
6.9375
6.98438
6.46875
7.03125
7.17188
7.24219
7.26562
7.26562
6.53906
6.9375
6.70312
6.82031
6.98438
7.38281
6.77344
6.77344
7.24219
6.98438
6.89062
7.05469
6.79688
6.98438
7.03125
7.5
6.9375
6.63281
7.125
6.79688
6.98438
6.79688
7.21875
6.96094
6.86719
7.47656
7.10156
7.125
7.5
7.03125
6.70312
6.63281
6.96094
7.00781
6.91406
6.75
7.07812
6.60938
6.65625
7.00781
6.84375
7.19531
7.03125
6.86719
7.19531
6.60938
6.65625
7.125
6.96094
7.125
6.77344
6.84375
6.9375
6.72656
6.25781
7.24219
7.42969
6.98438
7.38281
6.49219
6.72656
7.00781
6.42188
6.9375
6.77344
6.77344
6.84375
7.10156
7.35938
6.91406
7.17188
6.79688
6.67969
6.67969
6.58594
7.38281
6.89062
6.98438
6.77344
7.35938
7.24219
6.98438
6.75
6.9375
6.39844
7.07812
6.98438
7.33594
7.26562
6.98438
6.9375
6.49219
6.75
7.07812
7.19531
7.00781
7.45312
6.51562
7.33594
6.89062
6.60938
6.53906
7.03125
7.42969
6.5625
6.84375
7.05469
6.86719
6.32812
7.07812
6.96094
6.60938
6.9375
6.84375
7.00781
7.125
6.86719
6.84375
6.86719
6.77344
7.3125
7.17188
6.70312
7.10156
6.53906
7.07812
6.28125
7.45312
6.53906
6.75
6.67969
6.30469
7.125
6.89062
7.33594
7.00781
6.5625
6.67969
7.24219
6.89062
6.82031
6.75
6.84375
6.58594
6.67969
6.75
7.00781
6.79688
6.82031
6.70312
7.05469
7.10156
6.84375
6.72656
7.47656
6.98438
6.65625
7.03125
6.89062
7.07812
6.84375
6.72656
6.96094
7.45312
7.05469
6.60938
7.14844
6.91406
6.77344
6.75
6.63281
7.125
7.07812
7.26562
6.82031
6.53906
7.35938
6.72656
7.00781
6.16406
7.03125
6.44531
6.82031
6.72656
6.86719
7.00781
6.98438
7.38281
6.84375
7.33594
7.24219
6.53906
7.07812
6.98438
6.86719
6.60938
7.42969
7.17188
7.45312
7.24219
6.86719
6.77344
7.07812
6.53906
6.72656
7.14844
7.33594
7.07812
6.79688
6.77344
7.17188
6.84375
6.98438
7.28906
7.52344
6.77344
6.77344
6.84375
6.79688
6.96094
6.77344
6.82031
7.05469
6.98438
6.84375
6.65625
7.05469
6.9375
6.5625
6.58594
6.98438
7.125
7.40625
7.03125
6.89062
6.91406
7.40625
6.53906
6.91406
7.28906
6.375
6.89062
7.07812
6.42188
6.75
7.10156
6.89062
6.51562
6.86719
6.44531
7.10156
6.30469
6.79688
6.49219
6.65625
6.70312
6.98438
6.375
7.07812
6.60938
6.98438
6.79688
6.25781
7.24219
7.21875
7.03125
6.9375
6.53906
7.00781
6.5625
6.79688
6.9375
6.65625
6.77344
7.05469
6.77344
7.42969
6.86719
6.9375
6.79688
7.07812
7.05469
7.17188
7.00781
6.77344
6.9375
6.9375
6.89062
6.75
6.5625
6.75
6.70312
6.72656
7.45312
7.40625
7.33594
6.67969
6.60938
6.84375
6.65625
6.63281
6.96094
6.72656
6.72656
6.67969
7.14844
6.82031
6.39844
6.89062
7.21875
6.91406
6.82031
6.98438
6.72656
6.96094
6.86719
6.75
6.58594
6.82031
7.42969
6.9375
6.79688
7.17188
6.96094
6.79688
6.75
6.67969
6.84375
7.14844
6.77344
6.49219
7.17188
7.28906
6.42188
6.23438
7.00781
6.91406
6.98438
6.98438
7.10156
6.86719
6.5625
6.82031
7.10156
7.26562
7.14844
7.26562
6.60938
7.10156
6.79688
6.91406
7.5
7.24219
6.98438
6.72656
6.65625
6.9375
6.77344
6.84375
6.75
7.42969
7.03125
6.60938
6.79688
6.72656
6.46875
6.89062
6.375
6.77344
7.24219
6.9375
6.65625
6.91406
6.86719
6.79688
6.89062
6.98438
7.03125
6.42188
6.63281
6.72656
7.33594
6.63281
7.33594
6.70312
6.46875
6.46875
7.33594
6.9375
6.60938
7.38281
6.91406
7.10156
6.75
7.00781
7.14844
6.67969
7.00781
6.79688
6.75
6.60938
7.07812
6.77344
6.77344
7.17188
6.79688
6.89062
7.05469
6.96094
7.07812
6.53906
7.10156
6.75
6.67969
7.05469
7.07812
6.77344
6.63281
6.77344
6.98438
6.63281
6.91406
6.79688
7.33594
7.33594
7.07812
6.86719
6.79688
6.9375
7.14844
6.89062
6.79688
6.53906
6.58594
6.84375
6.82031
6.72656
6.46875
6.44531
6.96094
7.35938
7.05469
6.84375
6.70312
6.32812
6.79688
6.77344
6.79688
6.91406
6.79688
6.89062
6.77344
6.75
7.05469
7.24219
6.39844
6.67969
6.82031
7.10156
6.77344
7.05469
7.10156
6.42188
6.60938
6.84375
6.49219
6.58594
7.03125
7.00781
6.75
6.63281
6.58594
6.65625
6.84375
6.72656
6.9375
7.05469
6.77344
7.07812
6.86719
7.00781
6.63281
6.51562
6.60938
6.89062
7.38281
6.98438
7.03125
7.10156
7.14844
7.14844
6.53906
6.11719
6.67969
6.91406
6.91406
6.86719
7.05469
6.91406
6.79688
6.5625
6.75
6.30469
6.51562
6.9375
6.42188
6.70312
7.00781
6.75
7.125
7.24219
6.67969
6.14062
6.75
7.07812
6.98438
6.79688
6.16406
7.14844
7.3125
6.86719
6.79688
6.89062
6.25781
6.63281
6.44531
7.125
6.70312
6.89062
7.14844
6.75
6.84375
6.82031
6.46875
6.72656
6.89062
6.67969
6.84375
6.79688
7.24219
6.98438
6.46875
6.86719
6.9375
6.75
6.9375
6.77344
6.58594
6.58594
6.60938
6.63281
6.58594
7.03125
7.3125
6.77344
6.84375
7.03125
7.10156
7.10156
6.84375
6.65625
7.125
6.63281
6.89062
7.14844
6.82031
6.9375
6.63281
6.89062
7.3125
6.72656
6.67969
6.1875
6.96094
6.75
6.49219
6.86719
7.33594
6.5625
6.77344
6.46875
6.86719
7.3125
6.82031
6.91406
6.60938
6.89062
7.19531
6.84375
6.82031
6.07031
6.96094
6.70312
6.96094
7.03125
6.9375
7.3125
7.05469
6.44531
6.65625
6.67969
6.39844
6.79688
6.79688
7.07812
6.375
6.98438
6.89062
6.60938
6.91406
6.46875
7.05469
6.91406
6.86719
6.98438
6.84375
6.82031
6.79688
6.51562
6.75
7.24219
6.72656
6.77344
6.82031
6.86719
6.51562
6.84375
6.86719
6.39844
6.70312
6.82031
6.65625
6.63281
6.77344
6.23438
7.03125
6.72656
6.91406
7.03125
6.58594
6.67969
7.45312
6.60938
6.89062
6.79688
6.25781
6.96094
6.98438
6.96094
7.03125
6.5625
6.84375
6.53906
7.03125
6.9375
7.10156
6.46875
6.86719
6.82031
6.44531
6.30469
6.91406
6.91406
7.17188
6.98438
7.24219
6.60938
6.84375
7.00781
6.75
6.77344
6.72656
6.53906
6.70312
6.98438
7.125
7.19531
6.70312
7.07812
6.96094
6.79688
6.39844
7.35938
6.86719
6.53906
6.49219
6.89062
6.79688
6.63281
7.03125
6.75
7.05469
7.125
6.89062
7.17188
6.72656
6.67969
6.77344
6.86719
6.5625
6.75
6.91406
7.40625
6.70312
7.14844
6.39844
6.32812
7.125
6.39844
6.79688
6.82031
6.70312
6.96094
7.07812
6.79688
6.53906
6.89062
6.82031
7.52344
6.79688
6.98438
6.75
7.33594
6.46875
6.67969
6.67969
6.30469
7.07812
6.98438
6.44531
6.77344
7.00781
6.91406
7.35938
6.82031
6.79688
6.91406
6.89062
6.77344
6.75
6.77344
7.14844
6.65625
6.32812
6.35156
6.91406
6.89062
6.75
7.00781
6.09375
6.375
6.75
6.35156
6.75
7.125
7.07812
7.05469
6.98438
7.00781
6.49219
6.96094
6.79688
6.72656
6.72656
7.17188
6.35156
6.67969
6.77344
6.96094
6.89062
6.375
7.125
6.23438
6.63281
7.05469
7.19531
6.53906
6.39844
6.91406
6.63281
6.96094
6.49219
7.28906
6.89062
7.14844
6.65625
6.9375
6.70312
6.53906
6.75
7.10156
7.33594
6.98438
6.67969
6.96094
6.79688
7.07812
6.9375
7.00781
6.96094
7.03125
6.82031
6.86719
6.91406
6.32812
6.60938
6.77344
6.9375
7.00781
6.35156
6.91406
6.63281
6.77344
6.84375
7.03125
6.63281
6.98438
7.3125
6.82031
6.75
6.35156
6.86719
6.79688
7.21875
6.77344
6.67969
6.60938
6.63281
6.67969
6.86719
6.53906
6.39844
6.77344
6.58594
6.84375
6.84375
6.44531
6.51562
6.67969
6.77344
6.67969
6.98438
6.70312
6.30469
7.00781
6.86719
6.53906
6.65625
6.67969
6.75
6.96094
6.5625
6.98438
7.24219
6.46875
6.75
7.00781
6.82031
6.96094
7.125
7.07812
6.60938
7.125
7.03125
6.58594
6.89062
6.77344
6.70312
6.53906
7.19531
6.70312
6.98438
6.72656
6.89062
6.28125
6.72656
6.96094
6.23438
6.72656
6.75
7.05469
6.79688
6.63281
6.65625
6.63281
6.84375
6.70312
6.98438
6.9375
6.39844
6.72656
7.00781
7.24219
7.125
6.44531
6.60938
7.125
6.44531
6.5625
7.05469
6.1875
6.67969
6.75
6.9375
6.63281
6.11719
6.58594
6.60938
6.84375
6.75
6.49219
6.60938
6.82031
6.42188
6.77344
6.49219
7.03125
6.65625
6.39844
6.60938
6.39844
6.60938
6.91406
6.75
6.58594
6.35156
6.70312
6.75
6.25781
6.39844
7.03125
6.77344
6.79688
6.5625
6.79688
6.35156
6.84375
6.67969
7.07812
6.53906
6.63281
6.79688
6.82031
6.9375
7.05469
6.60938
7.00781
7.03125
7.24219
6.53906
6.86719
6.75
6.82031
6.96094
6.75
6.49219
6.46875
6.98438
6.77344
7.17188
6.77344
6.86719
7.35938
6.84375
6.91406
6.98438
6.65625
6.65625
7.00781
6.51562
6.77344
6.9375
6.82031
6.63281
6.5625
6.25781
6.82031
6.44531
6.5625
6.96094
6.98438
7.19531
6.72656
6.58594
6.70312
6.72656
6.42188
6.9375
6.23438
6.44531
6.96094
6.67969
6.65625
6.65625
6.58594
6.79688
6.91406
6.49219
6.60938
6.39844
7.10156
6.89062
6.98438
6.9375
6.44531
6.35156
6.91406
6.72656
6.75
6.49219
6.91406
6.89062
7.07812
6.63281
6.67969
6.79688
6.5625
6.9375
6.60938
6.58594
6.5625
6.98438
6.89062
6.28125
6.72656
6.14062
6.86719
6.84375
6.9375
6.32812
6.86719
6.70312
6.98438
6.375
6.86719
6.9375
6.75
6.63281
6.51562
6.67969
6.98438
6.98438
6.60938
6.98438
6.67969
6.72656
6.23438
6.89062
6.98438
6.60938
7.00781
6.86719
7.14844
6.46875
6.86719
6.82031
6.84375
6.72656
6.60938
6.51562
6.67969
6.79688
6.67969
6.70312
6.72656
6.70312
6.75
7.03125
6.60938
6.89062
6.63281
6.82031
6.96094
6.25781
6.46875
6.5625
7.35938
6.77344
6.46875
6.5625
6.63281
6.82031
7.03125
6.5625
6.5625
6.58594
6.51562
7.03125
7.10156
6.91406
6.60938
6.58594
7.17188
6.70312
6.72656
6.53906
6.98438
6.9375
6.53906
7.24219
6.70312
6.63281
7.03125
6.46875
6.75
6.77344
6.79688
6.5625
6.23438
6.46875
6.89062
7.125
7.42969
6.60938
6.39844
7.10156
6.67969
6.91406
6.5625
7.00781
6.79688
6.70312
6.77344
6.58594
6.60938
7.125
7.10156
7.52344
6.63281
7.14844
6.82031
6.79688
6.98438
6.58594
7.26562
6.60938
6.72656
6.65625
7.05469
6.60938
6.63281
6.96094
6.67969
6.72656
6.21094
6.60938
6.91406
7.10156
7.00781
6.51562
7.03125
6.60938
6.82031
6.75
7.21875
7.03125
6.5625
6.63281
6.44531
6.77344
6.39844
6.65625
7.00781
6.89062
6.72656
6.70312
6.86719
6.75
6.67969
6.53906
7.28906
6.58594
7.03125
6.70312
6.67969
6.79688
6.65625
6.5625
6.79688
6.53906
6.53906
6.46875
6.44531
6.75
6.70312
7.17188
6.67969
7.14844
6.35156
7.10156
6.77344
6.65625
6.75
7.10156
6.72656
6.39844
6.25781
6.28125
6.51562
6.89062
6.72656
6.53906
6.91406
6.79688
6.39844
6.67969
7.125
6.02344
7.10156
6.14062
7.07812
6.63281
6.79688
6.75
6.42188
6.89062
6.70312
6.58594
6.70312
6.77344
6.91406
6.77344
6.77344
6.75
6.28125
6.67969
6.72656
6.70312
6.86719
6.82031
6.51562
6.21094
6.58594
6.84375
6.67969
7.10156
6.77344
6.86719
6.98438
6.75
6.44531
6.72656
6.49219
6.89062
6.5625
6.42188
6.58594
6.86719
7.07812
6.375
6.67969
6.11719
6.58594
6.44531
7.26562
6.86719
7.00781
7.05469
7.00781
6.9375
6.67969
6.77344
7.19531
6.89062
6.63281
6.51562
6.5625
6.79688
7.07812
7.26562
7.05469
6.58594
7.19531
6.89062
6.96094
6.375
6.75
7.21875
6.98438
6.44531
6.9375
6.63281
6.30469
6.70312
6.79688
6.46875
6.60938
6.79688
6.51562
6.82031
6.9375
6.77344
6.25781
7.125
6.53906
6.14062
6.39844
6.75
6.70312
6.49219
6.77344
6.28125
6.72656
6.63281
6.86719
7.125
6.65625
6.49219
6.84375
7.125
7.35938
6.86719
6.70312
6.65625
6.49219
6.9375
7.21875
6.77344
6.82031
6.42188
6.1875
6.79688
7.42969
6.1875
7.00781
6.89062
6.77344
6.79688
6.75
6.84375
6.84375
6.9375
6.91406
6.39844
6.82031
6.42188
6.70312
7.14844
7.24219
7.45312
6.39844
6.53906
7.03125
7.05469
6.72656
6.75
7.24219
6.63281
6.5625
7.21875
6.11719
6.375
6.5625
6.44531
6.79688
6.28125
6.91406
6.79688
6.49219
6.51562
6.53906
6.75
6.79688
6.96094
6.63281
6.79688
6.79688
6.375
6.75
6.91406
7.05469
6.46875
6.77344
6.58594
6.65625
6.9375
6.72656
6.91406
6.46875
6.51562
6.72656
7.19531
6.82031
6.25781
6.65625
7.26562
6.84375
6.86719
6.67969
6.70312
6.77344
6.9375
6.25781
6.89062
6.60938
6.46875
6.58594
6.53906
6.89062
6.70312
6.16406
6.39844
6.9375
6.86719
6.25781
6.75
6.42188
6.53906
6.89062
6.60938
6.98438
6.60938
6.77344
6.46875
6.25781
6.67969
6.86719
7.03125
7.03125
6.375
6.96094
6.84375
6.89062
6.44531
7.03125
6.65625
6.91406
6.96094
6.79688
7.07812
6.75
6.98438
6.9375
7.24219
6.84375
6.60938
6.63281
6.65625
6.82031
6.42188
7.10156
6.49219
6.58594
6.84375
6.70312
6.72656
6.75
6.53906
6.82031
6.9375
6.39844
7.05469
6.375
6.72656
6.89062
6.60938
6.5625
6.86719
6.60938
6.89062
7.00781
6.46875
6.65625
6.375
7.17188
6.79688
6.77344
6.72656
6.72656
7.17188
7.10156
6.98438
6.60938
6.79688
7.03125
6.5625
6.96094
7.19531
6.75
6.96094
7.05469
6.51562
7.17188
6.53906
6.91406
6.63281
6.58594
7.05469
6.60938
7.10156
7.00781
6.70312
6.53906
6.70312
6.5625
6.53906
7.26562
6.58594
7.21875
6.86719
6.86719
6.9375
6.75
6.375
7.38281
7.00781
6.9375
6.75
5.97656
6.44531
6.75
6.77344
6.65625
6.32812
6.89062
6.5625
7.03125
7.35938
6.67969
7.10156
7.19531
7.05469
7.26562
6.86719
6.49219
6.5625
6.44531
6.63281
6.5625
5.95312
6.72656
6.9375
6.9375
6.84375
7.21875
6.46875
6.5625
6.44531
7.05469
7.24219
7.125
6.5625
6.53906
6.82031
6.44531
6.375
6.65625
6.67969
6.84375
7.03125
6.84375
6.91406
7.45312
6.79688
7.35938
6.58594
6.46875
6.375
7.05469
6.65625
6.77344
6.51562
6.72656
6.75
6.65625
6.21094
6.9375
6.42188
6.86719
6.11719
7.3125
6.89062
6.70312
7.00781
6.65625
6.53906
6.86719
6.75
6.75
7.00781
6.86719
6.86719
6.72656
6.58594
7.10156
6.58594
7.05469
7.17188
6.84375
6.89062
6.86719
6.72656
6.72656
6.39844
6.86719
6.35156
5.90625
6.70312
6.65625
6.42188
6.79688
7.07812
6.46875
7.03125
6.30469
6.86719
6.86719
6.75
6.65625
6.70312
7.125
6.72656
6.60938
6.46875
6.67969
6.72656
6.98438
6.65625
6.65625
7.03125
6.75
6.9375
6.58594
6.5625
6.49219
6.98438
6.9375
6.58594
6.49219
7.14844
6.53906
6.89062
6.96094
6.39844
7.07812
6.70312
6.75
6.70312
6.96094
6.96094
7.00781
6.67969
6.44531
6.96094
6.84375
7.03125
7.07812
6.46875
6.49219
6.75
6.49219
6.98438
6.58594
6.82031
6.98438
7.07812
6.75
6.77344
7.26562
6.44531
6.77344
6.39844
6.53906
7.00781
6.9375
7.05469
6.44531
6.46875
6.60938
6.77344
6.70312
6.58594
6.5625
6.60938
7.00781
7.26562
7.10156
6.60938
6.25781
6.65625
6.51562
6.67969
6.98438
6.67969
6.98438
6.77344
6.32812
6.72656
6.25781
7.00781
7.33594
6.53906
6.84375
6.77344
6.79688
6.79688
7.03125
6.5625
6.67969
6.25781
6.72656
6.42188
6.70312
6.5625
6.63281
6.58594
6.72656
6.82031
6.75
6.25781
6.60938
6.35156
6.51562
7.07812
6.77344
6.60938
7.125
6.65625
7.03125
6.53906
6.86719
7.03125
7.10156
6.98438
6.60938
6.77344
6.82031
6.70312
6.21094
6.82031
6.96094
6.67969
6.89062
7.10156
6.70312
5.95312
6.72656
6.58594
7.07812
7.07812
7.10156
6.02344
6.60938
6.77344
6.86719
6.63281
6.9375
6.9375
6.72656
6.67969
6.58594
6.70312
6.58594
6.30469
7.00781
6.72656
6.39844
6.98438
6.53906
6.46875
6.75
6.86719
7.07812
6.53906
6.46875
6.72656
6.86719
6.51562
6.5625
7.07812
6.67969
6.9375
7.14844
6.35156
6.53906
6.70312
6.51562
7.19531
6.72656
6.53906
7.03125
7.24219
6.5625
6.84375
7.07812
6.67969
6.75
6.72656
6.79688
6.91406
6.44531
6.72656
6.72656
6.84375
6.32812
6.79688
6.25781
6.84375
6.42188
6.49219
6.82031
7.10156
6.70312
6.98438
6.60938
6.60938
7.00781
6.21094
6.65625
6.67969
6.96094
7.21875
6.86719
6.65625
6.39844
6.91406
7.19531
6.91406
6.25781
7.125
6.49219
6.44531
6.96094
7.17188
6.51562
6.98438
6.5625
6.32812
6.44531
6.77344
6.89062
6.67969
6.53906
6.58594
6.98438
6.5625
6.60938
7.05469
6.39844
6.89062
6.63281
6.65625
6.9375
6.28125
6.32812
6.60938
6.91406
6.23438
6.67969
6.77344
7.19531
7.14844
6.70312
6.39844
7.28906
6.42188
6.16406
6.67969
6.72656
7.03125
6.77344
6.63281
7.19531
6.65625
6.9375
6.77344
6.65625
6.46875
6.75
6.63281
6.51562
6.65625
6.375
6.84375
6.82031
6.98438
6.65625
6.98438
6.58594
6.75
7.24219
6.35156
6.375
7.03125
6.46875
6.51562
7.00781
6.60938
7.05469
7.33594
6.53906
6.96094
6.86719
6.60938
6.75
6.65625
6.84375
7.00781
6.58594
6.49219
7.03125
6.11719
6.35156
6.46875
6.5625
6.70312
6.96094
7.05469
7.17188
6.02344
6.30469
6.77344
6.82031
6.86719
6.28125
6.63281
7.00781
6.5625
6.72656
6.86719
6.14062
6.30469
6.82031
6.5625
6.84375
6.77344
6.49219
6.39844
7.21875
6.53906
6.70312
6.72656
6.79688
6.44531
6.63281
6.84375
6.5625
6.65625
6.5625
6.49219
6.9375
6.96094
6.86719
6.67969
6.67969
6.72656
6.49219
6.77344
6.91406
6.28125
6.35156
6.44531
6.58594
6.84375
6.39844
6.46875
7.03125
7.05469
6.9375
6.63281
6.84375
6.35156
6.70312
7.03125
6.89062
6.65625
6.14062
6.79688
6.75
6.9375
7.05469
6.30469
7.00781
6.72656
6.46875
6.65625
6.96094
6.70312
6.65625
6.70312
6.89062
7.00781
6.30469
6.98438
6.91406
6.49219
6.42188
6.63281
7.33594
6.44531
6.84375
7.42969
7.40625
6.53906
7.125
6.70312
6.51562
7.07812
6.72656
6.72656
6.58594
6.30469
6.67969
7.38281
6.70312
6.75
6.63281
6.51562
6.53906
6.72656
7.17188
6.70312
6.1875
6.35156
6.86719
6.44531
7.26562
6.70312
6.70312
6.9375
6.60938
7.00781
6.09375
6.70312
6.63281
6.96094
6.79688
7.05469
6.70312
6.91406
6.44531
6.98438
7.17188
6.67969
6.77344
7.19531
6.60938
6.89062
6.60938
6.9375
6.53906
7.14844
6.91406
6.75
6.96094
7.03125
6.98438
6.9375
6.79688
6.79688
6.44531
6.75
6.72656
6.44531
6.46875
7.17188
6.82031
6.58594
6.72656
7.42969
6.35156
6.63281
6.67969
6.60938
7.125
6.53906
6.49219
7.21875
6.39844
6.32812
6.77344
6.82031
6.77344
6.84375
6.21094
6.96094
6.21094
6.91406
6.49219
6.70312
6.58594
6.98438
6.1875
6.75
6.60938
6.63281
6.58594
6.9375
6.58594
7.125
6.72656
7.05469
6.98438
6.70312
6.5625
7.03125
6.96094
6.91406
7.03125
6.89062
6.91406
6.89062
6.77344
6.5625
6.9375
6.53906
6.9375
6.49219
6.51562
6.82031
6.44531
7.24219
7.125
6.39844
6.60938
7.03125
6.51562
6.82031
6.5625
6.91406
6.65625
7.125
6.96094
7.28906
6.77344
6.75
6.89062
6.84375
6.89062
6.82031
6.70312
6.42188
7.10156
6.75
6.96094
6.98438
6.72656
6.58594
6.46875
6.91406
6.375
6.89062
6.53906
7.05469
7.125
7.00781
7.03125
6.58594
6.91406
6.91406
6.84375
6.84375
6.72656
6.5625
6.89062
7.10156
6.79688
6.79688
6.91406
6.28125
6.91406
6.89062
6.5625
6.72656
6.58594
6.65625
7.38281
6.84375
6.77344
6.5625
7.00781
6.77344
6.32812
6.53906
6.72656
7.17188
6.96094
6.86719
6.21094
7.03125
6.42188
7.00781
6.60938
7.00781
7.125
6.84375
7.00781
6.91406
6.25781
6.77344
6.63281
7.14844
6.67969
7.10156
6.96094
6.84375
6.49219
7.10156
6.53906
6.46875
6.46875
6.63281
6.79688
6.60938
6.58594
5.92969
6.89062
7.26562
6.39844
6.65625
6.96094
6.39844
6.51562
6.53906
7.24219
6.51562
6.72656
6.65625
6.60938
7.28906
6.53906
6.98438
6.21094
6.72656
6.96094
6.75
6.5625
6.44531
7.14844
6.60938
6.67969
7.03125
7.10156
6.51562
7.10156
6.72656
6.39844
6.53906
7.03125
6.58594
6.89062
6.30469
6.79688
7.14844
6.98438
7.19531
6.5625
6.42188
6.23438
7.28906
6.72656
6.86719
7.14844
6.60938
6.79688
6.9375
6.53906
6.77344
6.70312
6.67969
6.9375
6.9375
6.63281
6.58594
6.77344
6.72656
6.58594
6.63281
6.77344
1.78125
1.61719
1.57031
2.08594
1.80469
1.875
2.03906
2.01562
2.0625
2.22656
2.08594
2.57812
2.13281
2.50781
2.20312
2.13281
2.22656
2.64844
2.34375
2.71875
2.67188
2.78906
2.85938
3
2.95312
3
3
2.92969
3.11719
3.23438
3.32812
3.16406
3.14062
3.23438
3.67969
3.72656
3.77344
3.67969
4.26562
3.63281
4.05469
3.63281
3.9375
3.72656
3.96094
4.10156
3.89062
3.79688
4.42969
4.125
4.05469
4.14844
4.40625
4.42969
3.79688
4.71094
4.59375
4.26562
4.35938
4.21875
4.99219
4.40625
4.85156
4.3125
4.78125
4.64062
4.85156
4.80469
5.36719
4.82812
4.99219
5.27344
5.0625
4.89844
4.73438
1.59375
2.01562
1.78125
1.96875
1.59375
1.59375
1.80469
1.875
1.64062
2.01562
2.50781
2.25
2.22656
2.13281
2.41406
2.36719
2.34375
2.39062
2.27344
2.97656
2.67188
2.64844
2.69531
1.42969
1.80469
2.08594
1.80469
1.80469
1.92188
1.96875
2.32031
2.03906
2.03906
2.10938
2.10938
2.22656
2.67188
2.4375
2.48438
2.36719
2.55469
2.625
3.02344
2.57812
3.02344
3.02344
3.35156
3.21094
2.92969
3.375
3.35156
3.60938
3.70312
3.46875
3.51562
3.86719
3.82031
3.70312
4.14844
3.70312
3.96094
3.89062
4.10156
3.84375
4.38281
4.45312
4.26562
4.42969
4.26562
4.26562
4.40625
4.54688
4.66406
4.42969
4.92188
4.66406
5.08594
4.61719
4.54688
4.92188
4.875
4.59375
5.01562
5.17969
5.32031
5.13281
4.94531
5.13281
5.20312
5.60156
5.15625
5.57812
5.46094
5.46094
5.17969
5.41406
5.57812
5.10938
5.90625
5.36719
5.53125
5.55469
5.60156
5.48438
5.13281
5.32031
5.46094
5.64844
5.39062
5.36719
5.74219
5.625
5.88281
5.83594
5.8125
5.55469
5.85938
6.21094
6.07031
5.74219
6.23438
5.95312
6.07031
5.55469
6.16406
5.78906
2.01562
1.75781
1.92188
1.5
1.66406
1.75781
1.73438
1.82812
1.66406
1.94531
1.80469
2.08594
1.99219
1.92188
2.13281
2.03906
2.46094
2.46094
2.625
2.34375
2.69531
2.69531
2.60156
2.50781
3.23438
3
3.16406
3.07031
3.39844
3.375
3.23438
3.39844
3.49219
3.60938
3.77344
3.89062
3.53906
3.63281
3.84375
3.89062
4.52344
4.5
4.42969
3.75
4.21875
4.05469
3.98438
4.19531
4.71094
4.75781
4.26562
4.47656
4.59375
4.33594
4.40625
4.78125
5.01562
4.78125
4.80469
4.6875
4.96875
5.36719
5.17969
5.0625
5.13281
4.96875
4.80469
5.67188
4.89844
5.08594
4.6875
5.57812
5.25
5.10938
4.94531
5.20312
5.36719
5.08594
5.95312
5.20312
5.67188
5.625
6.14062
5.29688
5.90625
5.8125
5.41406
5.97656
6.07031
6.28125
6
5.83594
6.11719
5.34375
6.35156
5.83594
6.21094
5.78906
5.95312
6.09375
6.46875
6.09375
6.32812
6.11719
5.76562
5.78906
6.60938
6.25781
6.63281
6.1875
6.21094
6.25781
6.07031
5.90625
6.53906
6.16406
6.21094
6.02344
6.23438
6.1875
6.5625
5.97656
6.53906
6.53906
6.86719
6.67969
5.95312
6.51562
6.39844
5.92969
6.39844
6.39844
6.53906
6.28125
6.32812
6.5625
5.8125
6.375
6.46875
6.44531
6.32812
6.21094
6.1875
6.30469
6.32812
6.30469
6.28125
7.24219
6.42188
6.72656
6.84375
6.51562
6.84375
6.65625
6.91406
6.70312
6.51562
6.28125
6.75
6.70312
6.79688
6.63281
6.70312
6.46875
6.60938
6.23438
6
6.98438
6.60938
6.91406
7.125
6.84375
6.65625
6.58594
6.375
6.79688
7.00781
6.51562
6.75
6.21094
6.51562
6.79688
6.375
6.39844
6.46875
6.9375
6.70312
6.46875
6.75
6.82031
6.51562
6.44531
6.58594
6.375
6.46875
6.77344
6.82031
6.63281
6.21094
6.25781
6.86719
6.65625
7.125
6.09375
7.00781
6.75
6.58594
6.96094
6.28125
7.03125
6.77344
6.77344
6.32812
7.19531
6.51562
6.46875
6.58594
6.46875
6.89062
6.60938
7.03125
6.46875
6.84375
7.10156
6.35156
6.53906
6.23438
6.44531
6.79688
6.28125
6.72656
6.75
6.98438
6.70312
6.42188
6.5625
7.125
6.60938
6.21094
6.98438
6.70312
6.46875
6.60938
6.49219
6.72656
6.5625
6.72656
6.70312
6.63281
6.67969
6.58594
6.79688
6.72656
6.63281
7.21875
7.05469
6.9375
6.75
6.70312
6.11719
6.89062
7.03125
6.72656
7.21875
7.00781
6.53906
6.51562
6.32812
6.375
6.53906
6.32812
6.89062
6.86719
6.98438
7.03125
6.84375
6.75
6.65625
6.82031
6.98438
7.33594
6.63281
6.72656
6.375
7.3125
6.58594
7.125
7.03125
6.60938
6.65625
6.82031
6.89062
6.58594
6.65625
6.91406
6.70312
6.98438
6.79688
6.53906
6.375
6.65625
6.72656
6.53906
6.67969
6.58594
6.60938
6.9375
6.84375
6.75
6.79688
6.98438
6.89062
6.91406
6.96094
7.33594
7.00781
6.23438
6.30469
6.84375
6.82031
6.60938
6.39844
6.49219
6.98438
6.51562
6.82031
6.65625
6.77344
6.32812
7.05469
6.67969
6.96094
7.21875
6.28125
6.63281
6.23438
6.60938
6.79688
6.53906
6.77344
6.75
6.79688
6.1875
6.60938
6.63281
6.5625
6.49219
6.46875
6.86719
6.28125
6.89062
6.44531
6.96094
6.65625
6.70312
6.49219
6.60938
6.58594
6.67969
6.1875
6.89062
6.67969
6.79688
6.60938
6.70312
7.19531
6.86719
6.65625
6.89062
6.44531
6.82031
6.11719
6.58594
6.63281
6.60938
7.19531
7.00781
6.60938
6.72656
6.72656
6.63281
6.5625
6.70312
6.77344
6.72656
6.25781
7.00781
6.60938
6.58594
6.02344
6.86719
6.86719
6.65625
6.82031
6.5625
6.77344
6.91406
6.89062
6.79688
7.19531
6.96094
6.89062
6.39844
6.75
6.35156
6.49219
6.9375
6.86719
6.5625
6.63281
6.51562
6.86719
6.63281
7.125
7.17188
6.84375
6.67969
6.42188
7.10156
6.63281
7.07812
6.39844
7.59375
6.67969
6.72656
6.9375
6.75
7.3125
6.9375
6.65625
6.89062
6.65625
6.65625
6.9375
6.39844
6.67969
6.23438
7.21875
6.72656
6.65625
7.10156
6.16406
6.35156
6.91406
6.16406
6.79688
7.3125
6.65625
6.53906
7.03125
6.89062
6.84375
6.67969
6.58594
7.00781
7.40625
6.49219
6.77344
6.63281
6.51562
6.58594
6.98438
7.33594
6.375
6.96094
7.45312
6.60938
7.14844
6.84375
7.14844
6.46875
6.60938
6.96094
7.17188
7.03125
7.47656
6.77344
7.28906
6.67969
6.44531
7.21875
6.86719
6.51562
6.46875
6.53906
7.26562
6.70312
7.03125
6.79688
6.58594
7.05469
6.60938
6.63281
6.79688
6.84375
6.84375
6.86719
6.30469
6.89062
7.05469
6.51562
7.05469
6.86719
6.86719
6.75
6.75
6.39844
6.70312
6.70312
7.03125
6.70312
6.44531
6.98438
7.3125
6.58594
7.3125
6.91406
6.9375
6.72656
6.86719
6.9375
7.14844
6.58594
7.21875
6.98438
6.53906
6.72656
6.96094
6.49219
6.14062
6.11719
6.28125
6.42188
6.96094
6.53906
7.00781
6.72656
7.54688
6.44531
6.67969
6.67969
6.91406
6.77344
7.26562
6.79688
6.96094
6.91406
6.9375
