63.7157,81.5906,111.381
56.2622,81.5855,93.379
11.0815,81.5927,101.43
69.9421,81.5902,101.066
40.9397,81.5914,110.474
19.3815,81.5926,95.1503
69.4751,81.5902,99.4279
44.5635,81.5908,100.951
64.0342,81.5903,98.5097
13.2847,81.5927,99.048
57.3552,81.5905,99.9493
75.1423,81.59,92.6413
58.0084,81.5906,102.558
14.6871,81.5929,100.781
32.6503,81.5918,100.29
61.4592,81.5904,99.9091
50.0975,81.5911,108.779
75.1075,81.5901,98.9536
33.6109,81.5918,98.122
25.875,81.5925,105.277
53.9823,81.5911,112.215
68.9799,81.5901,96.9683
11.8151,81.5928,100.756
66.9696,81.5906,111.022
57.0337,81.5904,98.5611
64.0025,81.5905,105.351
33.1503,81.5865,94.514
14.4634,81.5928,100.39
71.3978,81.5902,98.193
47.418,81.5908,96.3734
68.7469,81.5903,102.703
17.7318,81.5925,99.0164
65.1355,81.5851,89.3271
1.61997,81.5933,117.766
46.8136,81.5914,113.296
34.138,81.5916,96.2235
74.4204,81.5902,99.8481
47.0167,81.5915,111.485
52.9116,81.5907,105.414
71.743,81.59,90.0552
16.8377,81.5928,99.3311
50.632,81.5858,91.9165
11.3819,81.5924,91.6595
33.5315,81.5914,98.8551
56.6102,81.5908,108.79
76.2535,81.5901,96.9134
65.7551,81.5906,108.662
70.2873,81.59,92.2043
40.3927,81.5913,98.3731
36.8329,81.5914,103.264
42.8278,81.5857,90.7475
42.7643,81.5913,106.065
47.112,81.5911,105.166
25.8882,81.5926,114.161
48.2682,81.5858,89.9387
31.7624,81.5915,89.7706
25.1457,81.5922,90.4007
25.9899,81.5925,110.085
28.9357,81.5921,109.397
39.5925,81.5864,90.7449
72.9427,81.5904,108.229
31.9877,81.592,90.6095
37.3655,81.5917,110.59
54.422,81.5909,109.983
71.4615,81.5902,99.6425
50.4361,81.5909,106.792
52.743,81.5909,112.5
45.0607,81.591,97.947
54.1449,81.5906,103.798
37.5202,81.5913,102.398
46.9899,81.5915,112.051
70.9384,81.5904,105.692
38.0163,81.5864,90.7704
19.5577,81.5927,115.979
23.6334,81.5919,100.475
54.5741,81.5906,102.814
56.5372,81.5905,101.992
61.4588,81.5852,89.0931
53.5984,81.5904,99.8145
47.0862,81.5859,90.3336
41.0966,81.5918,109.735
13.1384,81.5929,107.67
64.8471,81.5905,110.669
55.3499,81.5905,96.0866
29.3302,81.5914,89.2214
59.3796,81.5904,97.3019
35.1981,81.5919,106.636
18.5295,81.5931,118.662
37.3746,81.5919,113.42
37.9722,81.5913,96.9146
39.7758,81.5859,92.4295
49.2362,81.5857,93.7743
24.0371,81.5925,105.823
17.4317,81.5923,93.2409
25.6656,81.5923,96.2893
45.0295,81.5858,93.4291
68.4021,81.5901,95.4445
21.1189,81.5925,112.479
50.5332,81.5857,92.2213
70.1891,81.5905,109.405
67.3617,81.5902,96.3664
34.6618,81.5918,106.178
69.7338,81.5901,92.5437
58.9488,81.5852,94.9162
58.3281,81.5905,102.056
47.6368,81.5911,103.995
36.6816,81.5917,102.286
59.0832,81.5853,91.4632
26.4133,81.5923,91.9589
61.421,81.5904,105.611
32.3988,81.5917,106.574
53.5989,81.5911,108.365
19.7283,81.5925,101.99
42.1189,81.5913,107.894
43.0656,81.591,96.4485
38.2279,81.5866,95.3718
55.4297,81.5908,101.42
37.3459,81.5865,89.8865
60.219,81.5902,96.863
73.1076,81.5903,104.185
48.6789,81.5857,89.2158
68.7295,81.5901,95.0924
65.2836,81.5903,103.691
63.71,81.5852,95.8461
70.8626,81.5903,102.757
39.2507,81.5861,89.7588
47.8387,81.5859,89.2651
65.5035,81.5903,104.877
67.0794,81.5902,96.7303
57.5736,81.5907,100.795
34.5044,81.5864,94.5948
39.1129,81.5861,89.089
70.1409,81.5901,88.8527
34.6964,81.5923,112.611
36.6094,81.5866,92.4697
58.2252,81.5903,98.7773
42.8317,81.5914,108.306
58.6537,81.5906,104.379
55.4362,81.5907,108.101
56.6984,81.5854,92.9212
74.0539,81.5902,100.256
33.2147,81.5867,89.4867
74.0898,81.5901,94.995
74.2217,81.5902,101.886
27.8866,81.592,102.769
28.754,81.5922,112.132
52.6707,81.5855,89.4332
52.752,81.5906,103.18
34.4597,81.5917,100.472
42.5856,81.5911,102.24
37.0323,81.5864,90.6582
48.0366,81.5857,94.3147
71.8066,81.5901,97.8151
20.2833,81.593,112.231
15.5296,81.5927,90.1557
21.3367,81.5925,94.492
65.2655,81.5904,106.946
46.0302,81.5857,93.2271
44.5879,81.5912,112.32
60.7896,81.5851,89.2685
59.7022,81.5902,97.5306
10.9303,81.593,112.173
37.1956,81.5914,103.587
47.7296,81.5913,107.367
18.7495,81.5927,117.034
49.751,81.5858,90.6552
23.8869,81.5926,111.27
49.4364,81.5907,98.9287
12.1911,81.5929,116.323
29.8075,81.5919,97.1786
65.9651,81.5852,94.9552
57.5431,81.5855,93.9585
10.2916,81.593,111.13
59.8842,81.5906,106.786
54.9559,81.5854,90.2155
59.7784,81.5906,103.778
68.5696,81.5904,104.815
35.4456,81.5917,113.973
57.6646,81.5908,107.04
49.3338,81.591,97.5898
33.2294,81.5916,99.1179
66.5778,81.5851,92.6876
42.4894,81.5912,106.699
31.2206,81.5919,99.0458
55.2444,81.5904,97.4315
59.6662,81.5907,113.338
65.3672,81.5905,105.568
30.9691,81.5917,95.8771
42.4394,81.5862,93.9155
63.0421,81.5851,94.2867
51.4404,81.5856,95.1154
53.0101,81.5907,103.901
64.7484,81.5902,99.2239
61.3569,81.5904,96.4869
66.3226,81.5906,110.233
21.4084,81.5926,117.659
40.9603,81.5916,108.42
63.256,81.5852,89.4965
9.56355,81.5928,99.2898
34.1608,81.5919,109.695
41.2313,81.5911,98.2306
45.2235,81.5912,104.331
72.0785,81.5901,93.8125
21.7749,81.5926,113.93
35.9508,81.5862,95.3144
60.1933,81.5852,89.2885
14.159,81.5927,112.856
68.1103,81.59,91.5605
9.15014,81.5927,101.531
37.3179,81.5913,104.606
35.6603,81.5862,89.0811
40.6417,81.586,91.3966
35.1702,81.5918,114.092
55.8632,81.5909,106.436
35.4072,81.5918,111.562
47.2611,81.591,109.151
55.9993,81.5853,95.2191
60.1508,81.5905,102.812
7.45311,81.593,108.461
14.3252,81.5927,97.2975
56.4926,81.5853,91.4231
58.602,81.5906,107.489
33.7285,81.5915,110.063
70.4977,81.5902,98.1256
57.4125,81.5904,100.536
56.1229,81.5906,103.131
11.9479,81.593,112.133
72.6427,81.5903,104.615
55.8267,81.5908,110.917
60.7821,81.5851,90.2791
66.7391,81.5906,110.768
49.0044,81.5911,104.708
66.0957,81.5851,95.7086
77.4735,81.5902,103.614
72.3707,81.5901,98.9877
57.28,81.5909,106.787
54.7188,81.5909,109.207
33.0681,81.5915,98.0162
71.5853,81.5901,95.0506
35.3336,81.5919,99.5641
36.1486,81.5865,90.4553
72.5808,81.5901,94.2431
39.9998,81.5861,92.0231
74.8563,81.5905,108.042
75.5984,81.5905,107.847
70.1493,81.5901,91.6022
72.7154,81.59,89.6991
40.0923,81.5911,102.936
16.4573,81.5925,116.336
18.9612,81.5926,109.977
67.6085,81.5851,93.2097
72.0468,81.5903,103.119
48.578,81.591,105.285
33.757,81.5868,93.902
43.1763,81.5912,103.526
56.717,81.5854,88.917
36.3397,81.5918,99.4787
26.4384,81.5916,91.4667
22.9575,81.5924,112.724
65.4166,81.5905,105.958
68.5591,81.5901,96.7335
44.499,81.5912,107.981
37.2556,81.5915,110.778
15.1995,81.5926,110.794
59.4801,81.5853,92.8458
41.1643,81.5862,95.0916
23.8796,81.5924,100.556
58.3606,81.5907,106.719
62.2812,81.5907,110.318
52.5827,81.591,104.451
36.1741,81.5914,99.9525
42.9268,81.5912,100.793
12.5474,81.5927,102.864
44.424,81.5912,96.2106
60.101,81.5853,95.2529
28.4582,81.5922,114.455
61.5542,81.5908,110.257
53.0692,81.5856,95.6643
39.1178,81.591,99.9144
36.4825,81.5868,92.5963
58.7885,81.5852,91.1849
19.5379,81.5925,97.1071
16.9777,81.5924,103.396
57.2356,81.5905,99.7646
29.3923,81.5921,98.4434
34.1274,81.5915,97.1996
25.3927,81.5921,102.283
33.0396,81.5916,100.713
56.8758,81.5905,100.145
69.0705,81.5905,107.774
34.0076,81.5866,94.1249
56.3773,81.5855,90.6921
49.0059,81.5906,99.3905
58.521,81.5904,98.3505
38.794,81.5912,105.104
30.1437,81.5922,114.01
46.4572,81.5913,104.311
66.6735,81.5906,111.129
71.2073,81.5902,98.1668
46.4466,81.5907,98.9679
28.2243,81.5921,99.2349
55.5041,81.5908,109.508
65.5009,81.5903,96.475
69.1552,81.5905,107.785
1.00677,81.3813,113.933
58.6026,81.5852,89.4495
11.4028,81.5924,89.0382
9.66441,81.5929,116.143
17.0178,81.5927,117.686
46.8049,81.5912,108.588
43.5395,81.5913,105.792
57.9869,81.5904,102.941
48.4091,81.5856,92.3507
55.5865,81.5906,102.926
15.7122,81.5927,95.6264
21.9274,81.5921,97.9846
59.7458,81.5853,94.4474
66.5062,81.5903,100.396
24.057,81.5919,91.0265
47.5823,81.5911,111.34
58.285,81.5854,93.844
15.0466,81.5932,117.976
63.5397,81.5903,101.996
60.5356,81.5905,100.896
32.4248,81.5918,101.038
60.3695,81.5854,91.9762
32.1133,81.5919,107.971
47.4626,81.5908,97.4253
59.1554,81.5904,99.7308
38.7493,81.5913,98.4432
21.256,81.593,117.565
17.847,81.5928,90.8837
56.9272,81.5855,93.6985
53.416,81.5905,98.2489
40.4262,81.5915,99.6215
27.2849,81.5921,107.475
70.4873,81.5902,97.7563
6.22741,81.593,99.7757
67.9568,81.5906,110.409
54.7719,81.591,109.111
33.6418,81.5919,100.825
73.8611,81.5906,109.78
19.6493,81.5925,103.656
46.27,81.5909,103.332
64.2127,81.5905,105.487
28.6693,81.5925,113.999
45.0772,81.591,100.781
69.4696,81.5901,94.7403
39.1236,81.5914,103.668
49.188,81.5908,106.729
17.2877,81.5928,113.224
59.7156,81.5853,93.774
62.0303,81.5852,95.2485
51.659,81.5854,92.0451
48.8851,81.5857,91.1468
47.6332,81.591,98.625
66.7813,81.5902,102.088
44.3218,81.5911,105.317
61.92,81.5852,91.7344
70.4151,81.5901,95.9869
54.5242,81.5856,94.8183
47.3626,81.5914,109.707
70.065,81.5903,100.331
15.2924,81.593,106.17
65.3152,81.5906,108.21
25.3621,81.592,97.2245
24.1387,81.5923,113.548
23.3321,81.5923,102.296
54.3127,81.5908,108.904
15.2745,81.5923,97.1368
67.5082,81.5901,98.1562
16.8348,81.5932,116.863
31.8002,81.5918,104.41
29.0472,81.5917,96.7701
9.18496,81.5927,101.213
43.0421,81.5857,92.5452
37.6794,81.5915,105.966
23.8729,81.5921,104.775
76.4714,81.5906,111.306
15.1067,81.5928,97.8243
27.6983,81.5922,113.271
44.5768,81.5916,112.442
74.4665,81.5902,102.165
19.3412,81.5924,92.551
23.5024,81.5919,96.2749
27.6334,81.5917,94.1225
18.2288,81.5926,111.619
74.2153,81.5903,102.631
38.7482,81.5864,90.4166
62.8906,81.5903,101.489
32.9344,81.5917,100.592
68.3298,81.5903,103.665
28.9232,81.592,103.668
22.7859,81.5923,94.4835
52.4884,81.5855,93.7627
66.4503,81.5851,88.8624
42.3865,81.5913,103.383
58.3923,81.5907,104.735
34.5932,81.5918,105.912
48.4275,81.5856,95.0677
17.4143,81.5928,111.136
30.9343,81.5918,99.8787
38.7729,81.5915,105.998
72.9522,81.59,91.9015
71.2362,81.5901,100.16
70.1411,81.5901,98.0552
62.6704,81.5907,110.676
16.4965,81.593,116.397
26.033,81.5918,96.398
11.0244,81.5932,116.832
47.1125,81.5856,92.1682
68.157,81.5901,97.9213
55.4486,81.5907,102.492
73.4887,81.5902,99.4483
46.9255,81.5911,107.939
19.348,81.5928,118.991
77.4345,81.5904,106.511
60.0521,81.5903,98.1796
20.3097,81.5924,113.895
29.5986,81.5918,111.263
26.1486,81.5918,90.3803
60.8007,81.5853,92.2938
32.7204,81.5917,101.812
53.8251,81.5906,103.945
55.0786,81.5905,100.263
53.481,81.5908,100.151
54.7536,81.5907,102.63
28.4792,81.5917,108.054
16.2858,81.5928,89.0236
65.4403,81.5851,89.9498
43.1715,81.5909,103.145
57.246,81.5906,104.641
12.5152,81.5928,95.1479
55.1706,81.5856,90.0438
31.269,81.5917,95.0248
55.1887,81.591,107.341
74.7688,81.59,91.4376
12.4737,81.5927,96.1972
70.8214,81.5901,98.2427
51.8707,81.5857,90.9193
34.048,81.5918,106.465
28.7022,81.5918,103.1
58.8158,81.5853,94.9934
15.7489,81.5926,94.5209
46.9464,81.5858,91.6599
38.2938,81.5863,94.205
43.6759,81.591,100.422
25.3818,81.592,89.339
64.301,81.5853,95.315
38.331,81.5917,112.07
71.9237,81.59,89.8407
32.4906,81.5917,112.289
43.4813,81.5909,104.627
28.9524,81.5924,109.464
35.9313,81.5916,98.4505
57.9203,81.5854,95.8997
49.3746,81.586,91.5538
14.0978,81.5924,97.1633
58.9208,81.5905,99.0912
45.9645,81.5909,104.755
71.0747,81.5903,104.492
62.0574,81.5852,91.9887
33.0574,81.5869,94.9661
71.2788,81.5901,95.232
64.6723,81.5903,100.415
35.1517,81.5865,89.8788
57.7025,81.5907,108.799
11.7773,81.5929,110.045
24.7341,81.592,94.8998
46.8393,81.5913,111.837
51.9426,81.5912,113.344
26.1293,81.5918,100.254
67.9882,81.5903,104.566
52.571,81.5908,96.4843
74.394,81.59,92.0344
23.2608,81.5922,94.7422
18.4087,81.5924,107.794
49.1839,81.5906,97.9368
57.5271,81.5906,105.168
10.8197,81.5928,92.0708
40.2132,81.5916,114.485
69.8283,81.5905,110.69
34.8182,81.5919,114.694
65.2119,81.5852,92.8252
27.4986,81.5917,99.3027
33.8341,81.5917,107.267
19.0515,81.5927,98.8863
16.1734,81.5924,104.621
43.4023,81.5912,106.15
67.9795,81.5902,100.989
60.0165,81.5904,99.902
47.6781,81.5913,107.965
15.7507,81.5928,106.823
32.7826,81.5919,107.531
11.0804,81.5929,109.361
21.957,81.5924,104.54
54.2037,81.5906,96.0449
30.4187,81.592,111.346
71.6516,81.5902,100.311
48.8842,81.5911,107.267
55.1625,81.5908,110.111
75.569,81.5905,110.86
54.7534,81.5906,97.7235
68.7006,81.59,92.1566
26.1976,81.5919,92.2312
41.4796,81.5915,112.956
20.0593,81.5925,105.791
57.9948,81.5909,109.39
58.2834,81.5853,93.8519
30.0199,81.592,116.486
64.7275,81.5851,95.9039
63.9203,81.5852,88.9286
69.2672,81.5904,103.325
70.5157,81.5905,107.868
57.3599,81.5906,102.533
66.8547,81.5902,96.3579
62.981,81.5903,100.784
59.0703,81.5852,89.2603
71.3745,81.5901,93.9526
35.6432,81.5918,111.554
49.143,81.5913,111.81
74.8682,81.5901,95.5242
11.0708,81.593,112.372
53.4615,81.5858,90.4205
19.8646,81.5926,102.734
35.1393,81.5865,89.625
65.2213,81.5851,93.6698
67.6884,81.5901,97.583
67.8172,81.5902,97.4687
14.1678,81.593,117.775
57.5732,81.5904,97.1925
45.9811,81.5858,89.7996
36.4794,81.5919,110.291
41.9323,81.5913,102.308
37.5372,81.5915,111.326
50.4807,81.5855,94.6453
19.3597,81.5928,112.966
51.2006,81.5855,95.4568
23.7602,81.5924,92.4803
55.6253,81.5854,95.549
20.6962,81.5924,95.5518
50.5729,81.5907,98.0368
68.3741,81.5906,107.294
62.672,81.5906,101.051
69.6618,81.5903,102.585
72.9634,81.59,90.8269
59.6463,81.5907,110.234
14.2559,81.5931,106.593
53.1713,81.5907,98.5874
61.4589,81.5905,107.266
38.6814,81.5916,103.921
68.999,81.5901,90.3403
72.6121,81.5902,102.242
49.3899,81.5908,97.9126
61.8499,81.5854,94.4043
11.9188,81.5927,93.4803
59.8295,81.5904,100.273
52.5881,81.5907,96.0037
68.9356,81.5903,101.401
34.081,81.5921,105.771
46.7802,81.5912,105.294
72.4911,81.5903,105.205
70.9428,81.5901,91.5544
57.0408,81.5908,111.293
60.5981,81.5905,101.718
45.0699,81.5913,109.056
56.7662,81.5856,91.9005
62.6062,81.5904,102.512
14.6608,81.5928,116.565
22.4256,81.5924,98.3134
50.9073,81.5907,104.529
38.842,81.5913,96.8091
8.09411,81.593,101.983
54.912,81.5907,97.9086
62.9637,81.5852,95.5607
69.0094,81.5905,109.482
28.7707,81.5924,116.639
58.9141,81.5853,89.2589
69.4598,81.5902,102.48
32.4761,81.5921,112.504
15.9571,81.5927,103.713
55.389,81.5856,90.8062
58.5247,81.5855,94.4044
55.4929,81.5854,89.3176
66.7208,81.5904,103.835
33.6394,81.5918,106.547
19.6078,81.5922,93.6025
31.0728,81.5922,97.7542
63.8334,81.5852,95.8615
66.7992,81.5905,107.448
68.0017,81.5902,101.809
75.2683,81.5906,112.162
62.0708,81.5908,107.62
51.5039,81.5913,112.688
14.3511,81.5925,91.1405
61.1661,81.5907,107.686
57.6653,81.5855,92.6342
62.8199,81.5905,106.252
67.7997,81.5904,108.276
55.2419,81.5905,97.148
66.2319,81.5903,100.27
45.8951,81.5912,106.333
17.1566,81.5924,111.37
77.0489,81.5905,110.077
50.5975,81.5855,91.8879
44.5305,81.591,105.895
59.457,81.5906,102.263
68.4883,81.5904,104.018
34.3611,81.5915,103.498
40.6795,81.586,95.4284
58.8402,81.5904,103.837
71.591,81.5902,99.9857
70.9464,81.5905,110.157
69.0154,81.5901,99.673
18.3083,81.5923,96.9987
42.4397,81.5917,106.285
17.306,81.5924,113.257
73.0392,81.5902,102.137
47.8112,81.5915,111.382
60.9094,81.5851,90.9007
31.5953,81.5919,107.94
73.1854,81.59,92.3351
16.8266,81.5928,99.8658
52.0351,81.5913,110.859
25.5469,81.5922,105.02
9.76034,81.593,95.7551
73.9322,81.59,93.2988
41.0915,81.5916,113.413
50.901,81.591,103.557
71.535,81.59,91.8654
61.4202,81.5853,88.8931
74.7315,81.5901,94.796
8.32666,81.5931,111.416
11.779,81.5928,92.7963
24.1864,81.5923,95.4984
20.1382,81.5925,90.6252
24.1142,81.5923,96.3887
14.5902,81.5927,101.17
48.393,81.586,93.1981
56.7427,81.5908,107.524
70.1381,81.5905,111.102
51.0917,81.5909,109.153
68.2507,81.5901,90.9323
24.5763,81.5922,94.8409
20.1165,81.5926,107.28
59.518,81.5906,102.783
59.9209,81.5905,97.7878
47.2525,81.5912,98.4241
32.7151,81.5919,106.984
70.6474,81.5903,103.65
70.0618,81.5901,95.2113
62.0672,81.5904,103.574
68.8478,81.5902,101.232
75.0237,81.5903,104.484
17.2859,81.593,113.079
23.5278,81.5919,99.7559
26.6656,81.5916,98.0148
52.3266,81.5856,93.833
51.5597,81.5909,108.569
11.3321,81.5931,114.01
36.2407,81.5864,93.2496
39.3376,81.5916,103.611
26.5906,81.5921,106.074
17.7153,81.5926,96.9032
72.0089,81.5901,96.2526
41.4061,81.5914,108.369
75.4474,81.5903,103.257
8.3352,81.5931,117.319
71.8056,81.5901,93.3193
61.6954,81.5904,102.298
37.1195,81.5916,104.343
6.44257,81.5933,118.975
42.9918,81.5914,107.658
62.5274,81.5852,89.6207
47.0301,81.591,106.021
70.4607,81.5902,101.452
56.2478,81.5907,103.007
58.0046,81.5909,109.771
36.788,81.5914,96.2221
34.7654,81.5919,110.635
58.3976,81.5904,102.213
60.1114,81.5852,94.1882
44.4162,81.5909,96.6375
14.2099,81.593,104.488
10.5913,81.5927,91.4695
67.9494,81.5901,96.9289
53.8852,81.5907,107.27
55.2671,81.5907,96.9128
41.2315,81.5862,90.4954
60.7081,81.5904,98.9846
73.0586,81.59,89.4523
34.7756,81.5919,105.214
65.7015,81.5852,91.1082
33.9459,81.5913,98.8033
27.6734,81.5918,97.2698
40.4156,81.5909,98.3154
66.5058,81.5851,95.929
30.0908,81.5922,102.629
69.1473,81.5905,109.202
51.8906,81.5909,108.172
60.259,81.5906,99.0056
55.9503,81.5903,96.2709
14.9083,81.5925,108.274
34.8683,81.5865,95.0906
48.7349,81.5906,99.271
72.7104,81.5903,102.642
53.12,81.5857,94.1292
69.191,81.5901,95.7358
20.1892,81.5921,102.894
31.335,81.592,110.186
61.1291,81.5905,104.278
61.4816,81.5904,103.934
39.6323,81.591,104.972
54.0687,81.5854,92.1613
44.6925,81.5907,96.7533
29.2905,81.5919,97.0236
55.7925,81.5908,109.098
64.4954,81.5905,106.818
46.8702,81.5911,106.697
55.5123,81.5907,105.276
42.1974,81.5909,98.0937
76.2224,81.5901,94.7227
16.6498,81.5925,97.4455
70.3638,81.5901,95.1129
37.2922,81.5915,105.167
51.1789,81.5858,92.4293
74.8155,81.5904,105.821
24.6469,81.5924,114.061
14.345,81.5927,89.9436
35.5774,81.5915,96.3049
57.9124,81.5907,110.566
33.4067,81.5864,90.8318
67.6152,81.5852,90.4382
62.3241,81.5853,91.3338
51.7367,81.591,109.881
71.6546,81.5903,104.962
66.9899,81.5903,96.6965
54.2013,81.5857,93.4028
29.6763,81.5916,105.054
66.0877,81.5902,101.861
60.7875,81.5903,100.896
48.3435,81.591,98.5207
41.3595,81.5916,105.312
70.9251,81.5905,107.54
43.7105,81.5913,107.238
57.8583,81.5906,97.7073
71.2332,81.5901,94.564
33.4659,81.5917,109.752
18.5049,81.5924,97.8345
61.5042,81.5853,90.9822
48.3256,81.5909,106.779
50.9392,81.5857,92.0457
39.9081,81.5917,114.106
45.2433,81.5912,101.618
69.4179,81.5903,101.597
69.503,81.5905,108.728
69.5304,81.5901,90.7067
59.5448,81.5852,89.0227
35.4505,81.5921,111.83
69.0083,81.5903,102.176
38.3974,81.5864,94.9166
20.8304,81.5922,95.4563
57.7333,81.5905,103.674
22.8261,81.5919,89.0526
58.997,81.5907,105.247
52.1843,81.5857,92.4453
61.08,81.5907,109.805
27.3187,81.592,100.22
69.7128,81.59,91.361
23.8621,81.5919,102.701
28.61,81.5918,97.6999
27.3093,81.5925,117.829
24.2598,81.5924,112.678
53.5357,81.5907,106.36
62.1497,81.5905,106.362
46.1157,81.5914,105.048
70.4228,81.5902,98.9106
54.5879,81.5906,96.0522
23.9669,81.592,92.6628
76.1609,81.59,91.8131
38.2294,81.5864,95.9261
46.81,81.5855,90.9931
52.6045,81.5909,107.04
46.4652,81.5856,90.4891
35.5246,81.5865,91.7996
58.4714,81.5904,96.3424
12.2965,81.593,106.483
55.8317,81.591,112.503
63.836,81.5904,104.03
38.0487,81.5916,109.05
21.8776,81.5921,102.215
19.9151,81.5924,104.212
62.6959,81.5905,105.214
38.439,81.5918,104.75
72.1753,81.5905,108.01
64.6362,81.5902,97.9293
25.5605,81.5919,96.4318
49.8356,81.5905,97.3699
59.5291,81.5906,104.209
62.1052,81.5853,90.3172
51.9423,81.5858,89.1927
51.0487,81.5912,111.376
41.8887,81.5916,109.239
59.2663,81.5908,108.035
37.5385,81.5919,115.481
36.8151,81.5919,113.94
22.1265,81.5923,92.787
33.9204,81.5865,90.8253
55.1701,81.5905,101.282
26.6277,81.5916,100.208
48.5724,81.5907,100.418
12.5737,81.5927,102.534
33.88,81.5918,104.791
27.4848,81.592,116.316
77.1928,81.59,92.8526
22.803,81.5918,95.7973
47.7695,81.5859,94.9511
29.018,81.5923,114.971
36.4893,81.5916,97.2479
50.8721,81.5906,100.994
33.7116,81.5863,89.0096
63.9998,81.5903,98.4458
35.2339,81.5916,108.024
10.4815,81.5929,107.818
64.9789,81.5905,108.679
59.7864,81.5852,92.322
28.5722,81.5921,103.583
66.7475,81.5852,94.9856
65.517,81.5903,102.478
41.0842,81.5915,96.7998
29.3292,81.592,109.063
34.7923,81.5919,116.202
68.6112,81.5901,97.9076
51.0103,81.5908,106.786
40.5723,81.5917,110.235
18.819,81.5924,89.6675
59.5124,81.5906,99.5078
58.3931,81.5852,90.5183
48.2673,81.5909,98.6364
53.1146,81.5856,89.5227
31.4188,81.5918,97.0962
61.2751,81.5852,94.79
48.338,81.5859,89.3636
24.1352,81.5923,90.1776
16.1701,81.5928,108.991
17.165,81.5929,114.146
